1	1	1	0.976	0.6	69.5
1	1	1	4.489	64.9	27
1	1	1	3.031	244.5	49.7
1	1	1	6.261	331.3	51.4
1	1	1	3.117	281.8	52.3
1	1	1	4.458	50.7	14.6
1	1	1	1.937	327.8	38.1
1	1	1	2.215	6.5	64.9
1	1	1	2.375	196	75.4
1	1	1	1.879	89	18.4
1	1	1	2.101	324.6	23.3
1	1	1	1.857	333	45.2
1	1	1	7.887	75.4	6
1	1	1	6.301	338.2	59.1
1	1	1	5.896	319.8	47.2
1	1	1	3.762	283.9	51.3
1	1	1	5.02	332.1	63.8
1	1	1	2.641	339.1	43.9
1	1	1	2.126	322.9	27.2
1	1	1	2.739	297.9	26
1	1	1	4.098	319.1	49.7
1	1	1	3.205	319.9	50.1
1	1	1	2.53	197.4	20.8
1	1	1	1.509	183.8	25.5
1	1	1	3.512	198.4	23.5
1	1	1	1.271	53.9	50.7
1	1	1	3.02	210.6	16.7
1	1	1	1.502	259	27.6
1	1	1	6.344	262.7	63.7
1	1	1	4.092	261.4	52.5
1	1	1	2.23	253.2	43.1
1	1	1	2.158	190.6	25.6
1	1	1	3.405	295.8	49.3
1	1	1	2.977	310.2	48.7
1	1	1	3.521	116.9	37.3
1	1	1	1.986	350.8	44.8
1	1	1	3.824	127	11.9
1	1	1	4.145	309.9	62.2
1	1	1	2.565	6.6	53.8
1	1	1	2.726	191.5	70.8
1	1	1	5.411	207.8	74.6
1	1	1	2.914	201.6	23.7
1	1	1	5.084	205.6	73.1
1	1	1	4.295	218.2	69.9
1	1	1	1.262	313.2	41.9
1	1	1	2.373	2	82
1	1	1	1.531	334.1	64.4
1	1	1	6.557	337.3	65.1
1	1	1	3.544	309.5	51.3
1	1	1	2.543	349.5	88.2
1	1	1	10.442	335.8	65.2
1	1	1	4.749	330.3	52.6
1	1	1	3.101	241.1	47
1	1	1	2.98	347	49.9
1	1	1	2.462	6.5	81.6
1	1	1	2.586	322.3	36.3
1	1	1	1.997	154.3	48.4
1	1	1	1.735	336	73
1	1	1	1.494	10.6	67.1
1	1	1	1.61	268.7	38.1
1	1	1	2.556	328.4	71.7
1	1	1	2.004	310.2	51.5
1	1	1	2.737	295.8	50.7
1	1	1	0.558	43.7	67.3
1	1	1	0.317	4.7	86.7
1	1	1	1.525	125.5	20.7
1	1	1	0.81	207.2	23.4
1	1	1	2.553	316.6	43.2
1	1	1	0.925	9.2	71.8
1	1	1	0.91	250.3	55.1
1	1	1	0.85	313.5	54.8
1	1	1	1.089	266.4	22
1	1	1	0.997	298.3	41.5
1	1	1	0.524	235.3	53.9
1	1	1	0.745	332.1	39.5
1	1	1	1.015	264.7	57.5
1	1	1	0.728	237.1	52.6
1	1	1	2.195	296.9	24.1
1	1	1	1.469	342	17.4
1	1	1	1.102	318.5	27.6
1	1	1	3.664	192.8	38.9
1	1	1	0.608	28.6	57.5
1	1	1	1.764	207.6	23.1
1	1	1	3.291	220.6	14.4
1	1	1	3.838	25	35.3
1	1	1	2.74	208.9	22.9
1	1	1	1.822	207	76.5
1	1	1	1.302	269.5	40.8
1	1	1	1.085	331.9	43.7
1	1	1	0.961	213.5	86
1	1	1	2.615	23.2	45.4
1	1	1	2.002	323.9	47.4
1	1	1	2.473	317.4	57.8
1	1	1	1.204	271.2	28.5
1	1	1	0.845	316.6	36.5
1	1	1	1.22	224.4	70.1
1	1	1	2.279	334	35.2
1	1	1	1.72	334.5	59.3
1	1	1	1.373	347.2	52.9
1	1	1	1.739	311.3	42.1
1	1	1	2.094	344.1	11.4
1	1	1	4.481	304.3	18.2
1	1	1	3.746	310.8	57.4
1	1	1	2.803	231.6	46.9
1	1	1	1.773	5.3	45.1
1	1	1	1.918	353.1	16
1	1	1	2.854	317.8	24.4
1	1	1	2.15	225.3	26.2
1	1	1	1.873	222.7	15.8
1	1	1	3.657	149.3	24.3
1	1	1	8.759	317.9	47.7
1	1	1	7.189	324.8	52.1
1	1	1	3.027	196.8	83.6
1	1	1	3.222	274.5	29.7
1	1	1	3.023	294.2	40.9
1	1	1	4.067	277.4	80.3
1	1	1	3.282	254.3	48
1	1	1	2.192	8.6	20.6
1	1	1	3.055	246	63.9
1	1	1	2.749	269	59.6
1	1	1	2.689	296.9	17.3
1	1	1	1.746	18.3	4.6
1	1	1	2.314	252.9	60.5
1	1	1	1.529	32.3	84.5
1	1	1	1.908	15	71
1	1	1	1.045	217.8	90
1	1	1	1.699	188.2	75.8
1	1	1	2.67	261.3	34.1
1	1	1	1.745	295.1	28.9
1	1	1	1.987	350.7	60.9
1	1	1	1.905	17.8	85.8
1	1	1	3.338	184	75.3
1	1	1	2.234	140.6	85.8
1	1	1	2.508	281.1	35.1
1	1	1	1.326	242	26.9
1	1	1	1.981	289.9	63.8
1	1	1	0.997	233.4	14.6
1	1	1	2.206	358.7	69.9
1	1	1	1.375	242.4	31.4
1	1	1	4.47	311.1	45.3
1	1	1	2.119	126.1	71.1
1	1	1	1.751	227.7	82
1	1	1	2.237	331.9	65.4
1	1	1	2.064	339.4	26.8
1	1	1	1.268	147.8	83.2
1	1	1	0.88	306.8	22.8
1	1	1	2.351	136.1	63.3
1	1	1	1.783	322.9	53.4
1	1	1	1.567	338.3	33.4
1	1	1	0.92	352.2	65.4
1	1	1	2.016	330.6	28
1	1	1	1.784	352.6	16.1
1	1	1	1.312	325.1	49.5
1	1	1	2.352	177.7	20.6
1	1	1	1.71	241	57.5
1	1	1	2.38	17.4	70.9
1	1	1	0.901	297.7	66.4
1	1	1	0.898	333.7	32.8
1	1	1	3.089	11.6	55.5
1	1	1	1.37	19.7	75.5
1	1	1	2.93	327.9	52.8
1	1	1	1.809	7.8	80.6
1	1	1	2.803	2.9	62.9
1	1	1	1.805	174.9	23.4
1	1	1	2.496	186.3	22.9
1	1	1	2.379	43.6	22.2
1	1	1	1.243	280.3	78.7
1	1	1	2.66	284.3	27.1
1	1	1	2.766	295.2	13
1	1	1	2.474	213.8	33.9
1	1	1	2.917	37	31
1	1	1	2.9	310.2	42.6
1	1	1	4.394	188.3	36.6
1	1	1	2.165	24.7	58.8
1	1	1	2.027	267.9	37.1
1	1	1	4.349	352.4	30.7
1	1	1	6.838	329.4	14
1	1	1	4.199	21	84.1
1	1	1	1.998	292.1	30.6
1	1	1	3.601	79.2	4.7
1	1	1	3.251	261.9	20.8
1	1	1	4.145	135.5	53.9
1	1	1	1.342	344.7	42.9
1	1	1	4.692	347	37.1
1	1	1	1.712	340	47.7
1	1	1	1.175	245.6	49.9
1	1	1	10.362	335.8	79.1
1	1	1	12.776	110.1	16
1	1	1	3.877	29.6	51.4
1	1	1	12.481	225.2	83.3
1	1	1	12.449	330.3	6.9
1	1	1	4.279	273.7	5.1
1	1	1	6.734	177	54.2
1	1	1	3.561	322.7	16.3
1	1	1	9.814	309.3	44.6
1	1	1	11.007	157.2	19.5
1	1	1	5.81	329.4	85.1
1	1	1	9.621	28.9	83.2
1	1	1	5.521	14.7	56.8
1	1	1	4.511	337.5	35.2
1	1	1	2.586	338.6	46.3
1	1	1	1.859	231.3	78.4
1	1	1	3.357	95.3	82.2
1	1	1	10.349	242.9	19.3
1	1	1	2.93	350.8	35.1
1	1	1	1.728	249.1	64.9
1	1	1	8.285	357.7	50.1
1	1	1	2.915	330.7	29.2
1	1	1	4.633	231.6	53.7
1	1	1	3.477	23	76
1	1	1	3.118	7.5	59.3
1	1	1	8.372	286.9	31.3
1	1	1	3.838	247.7	41
1	1	1	3.601	149	72.1
1	1	1	2.082	75.6	88.2
1	1	1	1.638	47.8	71.6
1	1	1	4.129	126.3	77.7
1	1	1	1.609	32.4	87.5
1	1	1	1.802	2.1	82.3
1	1	1	1.603	97.6	77
1	1	1	6.722	325.7	36.7
1	1	1	5.651	316.3	48.7
1	1	1	2.446	74.2	40.1
1	1	1	3.883	341.7	57.6
1	1	1	5.921	298	41.3
1	1	1	4.73	322.9	80.9
1	1	1	1.866	271.9	56.3
1	1	1	4.072	260.7	69.3
1	1	1	3.781	342	35.5
1	1	1	2.86	237.3	76.4
1	1	1	1.97	31.5	61.3
1	1	1	4.572	146.5	33
1	1	1	5.539	348.6	35.5
1	1	1	2.726	287.1	34
1	1	1	1.665	229	51.2
1	1	1	3.214	315.1	12.1
1	1	1	2.257	330	24.9
1	1	1	3.432	331.8	53
1	1	1	1.746	198.4	34.5
1	1	1	2.104	138.7	43.7
1	1	1	5.792	331.6	30.6
1	1	1	2.102	25.6	74.9
1	1	1	2.479	107.2	12.1
1	1	1	4.622	44.2	70.7
1	1	1	4.147	329.6	50.7
1	1	1	3.111	75.2	28.2
1	1	1	2.056	336.1	13.6
1	1	1	2.044	209.4	71.7
1	1	1	3.143	328	36.5
1	1	1	2.05	321.1	39.6
1	1	1	1.448	107.7	12.9
1	1	1	4.263	205.7	80.3
1	1	1	6.555	0.2	44.8
1	1	1	7.844	218.1	43.5
1	1	1	4.257	282.8	42.4
1	1	1	5.108	290.2	10.8
1	1	1	3.955	322.9	17.5
1	1	1	10.632	211.5	23.2
1	1	1	8.745	161.9	26.4
1	1	1	1.502	295.6	58.1
1	1	1	2.086	246.7	32.7
1	1	1	1.935	214.2	87.2
1	1	1	2.834	328.2	28.5
1	1	1	4.621	234.9	58.7
1	1	1	2.269	15.6	50.7
1	1	1	2.595	289.8	37.8
1	1	1	2.911	345.6	25.6
1	1	1	8.062	216.3	9.5
1	1	1	2.36	311.6	35.2
1	1	1	1.055	173.3	14.3
1	1	1	2.354	301	33.5
1	1	1	2.994	357	62.7
1	1	1	1.28	266.5	45.7
1	1	1	2.578	305	12
1	1	1	2.433	288.9	44.6
1	1	1	1.539	304.9	49.9
1	1	1	1.553	193.5	10.5
1	1	1	3.796	275	40.2
1	1	1	1.406	309	26.3
1	1	1	1.033	1.7	30.8
1	1	1	1.016	309.5	32.2
1	1	1	1.12	310.3	35.3
1	1	1	1.253	147.4	31.6
1	1	1	1.394	323	47.3
1	1	1	0.728	267.9	35.5
1	1	1	1.229	320.7	35.4
1	1	1	2.758	19.9	46.6
1	1	1	1.49	135.8	1.5
1	1	1	1.777	48.7	26.2
1	1	1	1.415	352.6	60.4
1	1	1	2.388	231.4	67.1
1	1	1	5.58	339.7	40.3
1	1	1	13.996	217.1	51.1
1	1	1	3.157	178.3	18.5
1	1	1	3.262	350.5	66.9
1	1	1	2.981	305.4	59.5
1	1	1	5.46	329.9	52.8
1	1	1	7.597	218.4	54
1	1	1	2.471	251.4	73.3
1	1	1	2.954	36.1	71.7
1	1	1	1.288	230.2	76.5
1	1	1	1.936	20.5	60.5
1	1	1	2.101	263.5	59.3
1	1	1	3.741	52	42.7
1	1	1	3.133	17.4	54.1
1	1	1	3.172	339.2	83.5
1	1	1	1.948	309.4	83
1	1	1	2.15	171.1	65.7
1	1	1	2.832	256.9	47.5
1	1	1	3.125	218.3	79.8
1	1	1	2.859	243.2	21.5
1	1	1	2.419	105.7	81.4
1	1	1	2.747	4.6	44.8
1	1	1	4.42	68.9	89.8
1	1	1	0.833	353.7	38.4
1	1	1	2.702	137.5	79.5
1	1	1	10.985	228.9	17.1
1	1	1	3.576	4.6	67.7
1	1	1	7.761	355.1	58
1	1	1	1.769	254.7	39.5
1	1	1	1.174	332.9	53.3
1	1	1	1.474	299	32.2
1	1	1	5.227	124.2	87.1
1	1	1	2.333	109.2	84.9
1	1	1	3.989	290.7	47.7
1	1	1	2.578	108.6	24.7
1	1	1	2.805	267.4	50.7
1	1	1	0.757	280.2	13.2
1	1	1	2.09	121.5	59.5
1	1	1	4.572	29.7	42.3
1	1	1	2.172	51.8	85.1
1	1	1	11.553	347.1	44.4
1	1	1	7.047	88.9	17.6
1	1	1	3.627	224	81.4
1	1	1	1.905	357.2	67.1
1	1	1	2.357	29.3	57
1	1	1	3.959	340.3	56.1
1	1	1	6.051	309.5	32.4
1	1	1	2.568	37.8	68.5
1	1	1	5.981	284.1	15.2
1	1	1	2.871	215.1	69.5
1	1	1	2.756	33.3	80.1
1	1	1	3.126	248.9	81.7
1	1	1	2.112	213.9	46.5
1	1	1	3.55	246.4	88.5
1	1	1	3.729	235.7	16.3
1	1	1	3.393	340.3	73.9
1	1	1	3.093	299	41
1	1	1	4.327	282.6	61.3
1	1	1	2.829	140	31.1
1	1	1	5.155	292.8	37.7
1	1	1	7.355	357.2	52.2
1	1	1	2.812	217.8	38
1	1	1	1.793	51.3	59.5
1	1	1	2.736	46.3	50.6
1	1	1	4.48	219.8	69.9
1	1	1	3.276	39.9	80.8
1	1	1	1.729	29.5	83.5
1	1	1	1.232	17.6	56.3
1	1	1	3.77	287.3	14.6
1	1	1	3.917	236.1	48.1
1	1	1	4.579	133.1	77.2
1	1	1	5.577	71.7	80.1
1	1	1	3.921	327.5	59.1
1	1	1	4.68	320.9	18.7
1	1	1	1.248	333.3	59.4
1	1	1	1.358	281.6	41.6
1	1	1	3.95	296.2	27.7
1	1	1	6.163	301	29.8
1	1	1	2.228	288.8	26.3
1	1	1	6.521	31.8	85.8
1	1	1	2.082	329.1	30.4
1	1	1	2.737	8.4	80.6
1	1	1	0.834	17.5	51.5
1	1	1	0.682	24.3	72.9
1	1	1	1.699	9.4	37.2
1	1	1	2.347	305	34.6
1	1	1	4.77	274.8	23.9
1	1	1	3.3	323.4	27.3
1	1	1	1.314	330.1	56
1	1	1	1.691	211	58.2
1	1	1	1.307	333.6	78.9
1	1	1	2.423	297.1	39
1	1	1	3.237	172.8	72.2
1	1	1	3.472	334.1	58.2
1	1	1	1.84	90.8	42
1	1	1	2.034	66.1	69
1	1	1	2.711	282	45.7
1	1	1	1.273	331.5	35.2
1	1	1	1.305	229.5	81.6
1	1	1	0.65	269.3	37.9
1	1	1	0.415	266.8	52.1
1	1	1	1.972	28.9	6.7
1	1	1	1.847	21.4	49.9
1	1	1	2.288	173.7	10.3
1	1	1	0.391	131.7	12.5
1	1	1	3.374	298	45.5
1	1	1	1.695	71.8	66.8
1	1	1	1.31	231.1	89.9
1	1	1	1.012	43	39.2
1	1	1	1.269	277.1	39.5
1	1	1	1.444	46.8	83.1
1	1	1	1.459	287.9	35.3
1	1	1	13.336	355.8	75.6
1	1	1	4.052	242.4	42.7
1	1	1	2.508	27.8	49.2
1	1	1	6.622	111.4	10.5
1	1	1	3.259	294.5	11.2
1	1	1	2.791	20.9	54.2
1	1	1	3.518	294.6	28.2
1	1	1	1.169	301.4	32.2
1	1	1	2.546	283	32.3
1	1	1	3.527	300.9	81.9
1	1	1	12.353	126.8	28.8
1	1	1	2.981	63.1	69.5
1	1	1	3.679	324.9	26.4
1	1	1	3.55	316.5	22.4
1	1	1	3.684	353.8	39.2
1	1	1	5.473	238.5	50.1
1	1	1	4.722	15.1	18.2
1	1	1	1.742	217.7	88.9
1	1	1	5.284	28.3	68
1	1	1	5.666	342.5	50.4
1	1	1	3.773	0.1	51.8
1	1	1	3.01	343.9	49.3
1	1	1	7.503	345.2	38.2
1	1	1	2.837	24.8	62.5
1	1	1	5.344	298.3	41.8
1	1	1	5.895	241	42.6
1	1	1	4.393	330.5	35.5
1	1	1	2.499	19.9	62.7
1	1	1	4.735	5.3	54.1
1	1	1	3.742	354.1	33.4
1	1	1	2.294	342.9	28.7
1	1	1	2.791	318.2	22.8
1	1	1	1.77	151.5	66.3
1	1	1	1.703	331.9	43.2
1	1	1	1.157	5.8	29.4
1	1	1	1.674	317.8	39
1	1	1	0.799	200.1	82.3
1	1	1	2.073	305.6	29.5
1	1	1	3.673	281.1	31.3
1	1	1	2.257	176.5	37.2
1	1	1	1.132	52.7	89.9
1	1	1	1.485	330.7	61
1	1	1	1.127	18	44.8
1	1	1	1.281	344	67.4
1	1	1	2.826	296.2	36.2
1	1	1	3.904	7.4	53.1
1	1	1	3.543	6.2	65.5
1	1	1	1.866	318.5	43.6
1	1	1	2.901	356.1	75.7
1	1	1	1.444	125.9	73.5
1	1	1	1.704	333.6	26.8
1	1	1	0.415	240.2	16.1
1	1	1	2.553	114.9	31.3
1	1	1	1.104	28.3	50.2
1	1	1	3.068	318.7	12
1	1	1	2.671	339.2	75.4
1	1	1	3.349	331.2	43
1	1	1	1.987	356.7	61.6
1	1	1	1.435	11.7	53.4
1	1	1	1	354.4	50.4
1	1	1	1.059	338.9	46.6
1	1	1	1.455	306	26.1
1	1	1	1.449	153.2	70.1
1	1	1	1.981	326.9	74.3
1	1	1	1.818	136.2	88
1	1	1	2.695	336.6	18.7
1	1	1	8.396	340.8	45.1
1	1	1	5.299	326.9	75.1
1	1	1	6.135	33.1	87.7
1	1	1	3.174	12	85
1	1	1	2.966	9.6	39
1	1	1	2.12	128	83.3
1	1	1	4.294	328.9	38.3
1	1	1	2.234	359.9	33.7
1	1	1	3.991	329.7	42.6
1	1	1	5.881	33.6	69.6
1	1	1	2.204	354	66.1
1	1	1	5.368	338.1	23.8
1	1	1	1.741	201.7	81.2
1	1	1	4.364	347.5	48.9
1	1	1	2.593	102	80.4
1	1	1	3.118	264.1	37.6
1	1	1	4.762	337.2	53.5
1	1	1	6.642	335.5	43.6
1	1	1	2.553	340.1	41.8
1	1	1	1.821	345.1	45.9
1	1	1	3.416	331.7	45.6
1	1	1	3.717	320.5	37.8
1	1	1	3.712	244.3	50.8
1	1	1	2.678	11.1	60.3
1	1	1	2.845	330.6	39.7
1	1	1	2.128	9.4	62.6
1	1	1	2.832	334.5	39.9
1	1	1	1.808	329.5	42.9
1	1	1	4.156	334.9	58.4
1	1	1	2.955	317.7	55
1	1	1	2.535	91.5	80.6
1	1	1	6.055	356.7	64
1	1	1	4.232	339.3	71.7
1	1	1	3.591	67	10.6
1	1	1	6.821	208	13.3
1	1	1	2.897	19.7	44.9
1	1	1	1.703	44.5	53.5
1	1	1	2.067	253.2	89
1	1	1	2.351	280.4	31.2
1	1	1	1.201	80	72.9
1	1	1	2.127	346.7	9.7
1	1	1	1.928	40.7	61.2
1	1	1	1.388	357.6	79.2
1	1	1	1.506	337.4	79.1
1	1	1	0.614	163.6	87.7
1	1	1	1.828	352.7	81.9
1	1	1	1.673	36.4	56.6
1	1	1	1.185	203.5	10.6
1	1	1	6.216	73.7	15.6
1	1	1	1.073	340.2	53.8
1	1	1	1.257	4.7	38.7
1	1	1	1.287	252.7	87.9
1	1	1	1.237	1.1	39.9
1	1	1	0.918	23.8	52.1
1	1	1	1.108	346.5	33.3
1	1	1	0.914	290.4	61
1	1	1	0.862	7.6	61.4
1	1	1	1.24	331.9	50.9
1	1	1	0.867	344	54.4
1	1	1	0.772	350.4	45.3
1	1	1	2.658	351.6	67.7
1	1	1	1.816	345.1	68.5
1	1	1	1.526	351.8	50.4
1	1	1	1.878	354	57.2
1	1	1	2.444	2.1	73.9
1	1	1	1.521	101.6	13.3
1	1	1	5.777	297	14.9
1	1	1	4.395	116.1	8.2
1	1	1	2.197	112.6	68.9
1	1	1	4.981	40	11.7
1	1	1	4.793	95.3	20.6
1	1	1	2.194	324.2	42
1	1	1	1.432	68.2	22.4
1	1	1	0.866	70	23.5
1	1	1	5.822	56.8	17.9
1	1	1	2.27	176.6	77.6
1	1	1	0.592	35.3	25.1
1	1	1	0.891	277.2	80.8
1	1	1	1.224	103.2	77.5
1	1	1	1.088	345.3	72.5
1	1	1	1.382	339.7	62.8
1	1	1	2.091	344.1	63
1	1	1	2.235	11.1	62.7
1	1	1	2.391	341.5	17.3
1	1	1	1.638	89.2	3.3
1	1	1	1.038	269.8	57.3
1	1	1	4.334	24.2	30.4
1	1	1	2.223	1.3	42.6
1	1	1	6.427	1.8	21.2
1	1	1	2.121	54.3	10.1
1	1	1	4.189	201.5	24.9
1	1	1	1.372	219.7	36.4
1	1	1	4.737	157.3	22.7
1	1	1	10.36	356.3	75.3
1	1	1	2.132	332.3	43.3
1	1	1	3.426	343.1	12.7
1	1	1	2.57	348.2	55.1
1	1	1	0.755	272.7	53.6
1	1	1	1.013	140	62.5
1	1	1	1.083	341.5	43.8
1	1	1	0.908	68	73.6
1	1	1	0.723	332.9	43.9
1	1	1	0.746	265.7	27.7
1	1	1	0.965	210.5	86.7
1	1	1	0.532	308.5	28.5
1	1	1	0.655	348.8	29.5
1	1	1	1.254	222.7	59.2
1	1	1	1.452	358.2	83.3
1	1	1	1.041	151.6	71.5
1	1	1	0.771	153.9	72.4
1	1	1	2.046	151	60.3
1	1	1	1.249	352	71.4
1	1	1	1.401	25.4	39.7
1	1	1	1.192	353.5	59.4
1	1	1	1.049	352.5	58.1
1	1	1	1.126	102.8	60.1
1	1	1	0.728	162	53.9
1	1	1	1.262	355.7	56.6
1	1	1	1.158	311.5	71.3
1	1	1	0.589	110.9	29.2
1	1	1	1.075	9.2	80.9
1	1	1	4.245	129.5	16.2
1	1	1	0.713	163	65.7
1	1	1	0.651	126.1	19.2
1	1	1	2.16	136.6	36.1
1	1	1	5.217	129.3	22.5
1	1	1	1.321	6.9	10.6
1	1	1	1.402	338.7	86.8
1	1	1	1.433	158.2	64.9
1	1	1	0.736	140.8	12.6
1	1	1	1.875	345.4	40.9
1	1	1	0.685	55.8	80
1	1	1	1.123	351	72.8
1	1	1	2.497	70.3	13.9
1	1	1	0.67	28.2	58.7
1	1	1	1.182	44.3	35.3
1	1	1	1.565	169.8	10.1
1	1	1	1.108	219.6	62
1	1	1	1.007	329.9	43.9
1	1	1	2.055	350.7	87.5
1	1	1	1.025	79.7	33.9
1	1	1	0.588	146.5	11.2
1	1	1	0.727	23.6	60.3
1	1	1	1.207	74.8	23.1
1	1	1	2.108	331.3	67.1
1	1	1	0.398	210.8	79.1
1	1	1	0.888	54.9	13.1
1	1	1	0.619	5	71.8
1	1	1	1.089	287.7	87.7
1	1	1	0.85	103.4	15.4
1	1	1	0.944	149.1	44.5
1	1	1	1.049	88.7	15.5
1	1	1	0.844	176.7	69.5
1	1	1	1.195	159.7	81.4
1	1	1	0.977	144.8	32.2
1	1	1	0.823	259.6	25.9
1	1	1	0.566	116.4	30.7
1	1	1	1.322	85.5	68.6
1	1	1	1.774	357.3	41.1
1	1	1	0.562	96.6	17.1
1	1	1	0.674	348.6	51.6
1	1	1	1.618	345.3	16.5
1	1	1	13.182	56.9	13.5
1	1	1	4.321	80.8	29
1	1	1	3.623	63.1	57.7
1	1	1	2.781	353.9	59.7
1	1	1	1.498	316.9	34.3
1	1	1	1.146	359.1	28
1	1	1	2.26	171.6	89.9
1	1	1	2.33	3	67.2
1	1	1	2.297	307.2	70
1	1	1	1.271	29	71.5
1	1	1	2.788	6.1	64.1
1	1	1	3.269	347.2	29.2
1	1	1	4.979	358.5	38.3
1	1	1	1.531	352.7	37.9
1	1	1	1.947	339.1	40.9
1	1	1	1.497	347.6	48.4
1	1	1	1.877	343.5	46.7
1	1	1	1.372	346.8	61.5
1	1	1	2.42	354.5	34.9
1	1	1	2.652	339.7	74.4
1	1	1	1.122	306.8	44.9
1	1	1	0.86	18.1	63.8
1	1	1	1.948	131.4	78.5
1	1	1	1.407	189.5	70.9
1	1	1	2.987	346.4	24.4
1	1	1	1.315	344.4	89.2
1	1	1	1.312	347.3	89.4
1	1	1	1.94	334.1	24.3
1	1	1	1.712	5.8	37.5
1	1	1	1.068	26.5	63.6
1	1	1	1.061	283.2	76.6
1	1	1	1.395	3.4	43.3
1	1	1	1.682	351.1	47.5
1	1	1	1.662	21.3	51.2
1	1	1	0.769	335.2	26
1	1	1	1.342	140.2	21.4
1	1	1	1.464	140.3	32.4
1	1	1	1.026	341	16.9
1	1	1	0.442	222.5	59.6
1	1	1	2.656	354	31.9
1	1	1	1.255	346.2	27.6
1	1	1	0.817	333.1	34.3
1	1	1	1.264	336.5	65.7
1	1	1	2.132	257.3	73.5
1	1	1	0.508	144.8	11.5
1	1	1	0.585	89.6	16.8
1	1	1	1.028	339	50
1	1	1	1.034	61	23.5
1	1	1	0.664	341.8	90
1	1	1	0.819	5.2	55.8
1	1	1	0.797	338.2	64.1
1	1	1	3.937	344.2	55.7
1	1	1	1.001	350.6	70.2
1	1	1	0.98	343.6	83.2
1	1	1	1.3	5.5	59.3
1	1	1	2.989	350	36
1	1	1	0.702	342.9	63.2
1	1	1	0.504	338.7	49.3
1	1	1	0.428	339.2	49.7
1	1	1	1.615	2.1	66.2
1	1	1	1.065	11.5	16.9
1	1	1	1.162	24.8	72.4
1	1	1	0.911	348.9	49.3
1	1	1	0.706	95.1	87.4
1	1	1	0.826	69.9	53.5
1	1	1	0.661	14.5	57.8
1	1	1	1.444	341.1	13.4
1	1	1	2.89	0.5	29.7
1	1	1	0.973	358.6	34
1	1	1	0.477	342.4	73.3
1	1	1	1.297	30.3	53.7
1	1	1	1.728	98.4	10.8
1	1	1	1.004	345.9	69.4
1	1	1	0.573	344.6	81.4
1	1	1	1.649	349.1	70.6
1	1	1	0.642	312.7	50.8
1	1	1	1.474	350.2	69.1
1	1	1	0.846	344.1	66.4
1	1	1	1.31	347.7	66.9
1	1	1	1.593	130.9	17.5
1	1	1	1.237	357.4	76.8
1	1	1	1.351	358.1	31.2
1	1	1	0.55	123.1	61.3
1	1	1	0.978	160.1	84.5
1	1	1	1.294	354.1	40.9
1	1	1	0.746	47.9	10.3
1	1	1	2.356	0.7	82
1	1	1	1.308	347.9	89.3
1	1	1	2.146	345	69.5
1	1	1	1.377	116	9.6
1	1	1	0.804	56	49.6
1	1	1	2.139	70.8	21.3
1	1	1	1.319	58.3	81.8
1	1	1	1.237	324.1	87.8
1	1	1	0.955	188.1	65.1
1	1	1	0.815	72.5	38.4
1	1	1	1.139	100.9	5.9
1	1	1	1.663	121.8	15.7
1	1	1	0.805	118.7	14
1	1	1	1.1	188.6	16.7
1	1	1	2.122	4.1	49.9
1	1	1	0.946	9.5	35.9
1	1	1	0.755	313.1	31.1
1	1	1	2.212	177.5	47.2
1	1	1	1.05	213.3	20.3
1	1	1	0.702	39.8	15.5
1	1	1	0.992	36.6	38.5
1	1	1	0.778	26.4	23.2
1	1	1	1.122	339.3	27.5
1	1	1	0.873	186.1	33.6
1	1	1	0.662	15.1	22.5
1	1	1	1.406	26.2	15.8
1	1	1	4.857	28.7	8.5
1	1	1	1.544	249	50.9
1	1	1	0.43	143	8.7
1	1	1	0.534	110.9	59.6
1	1	1	1.292	11.3	43.8
1	1	1	1.347	97	14.6
1	1	1	0.356	349	81
1	1	1	0.427	36.7	5.9
1	1	1	0.235	152.1	6.5
1	1	1	0.68	260.1	32.1
1	1	1	1.578	284.5	70
1	1	1	0.468	152.9	51.8
1	1	1	0.681	111.6	46.7
1	1	1	1.637	73.8	52.4
1	1	1	0.527	134.9	88.5
1	1	1	0.6	186.8	61.7
1	1	1	1.581	170.5	36.4
1	1	1	0.662	26.7	22.3
1	1	1	1.209	16.7	31.6
1	1	1	0.703	267.1	47.6
1	1	1	1.032	132.7	20.6
1	1	1	0.877	102.1	26.2
1	1	1	2.546	70.3	34.6
1	1	1	2.665	72.5	79.1
1	1	1	1.985	149.6	62.6
1	1	1	0.869	35.8	31.5
1	1	1	2.008	81	24.4
1	1	1	1.349	77	68.7
1	1	1	1.731	135.9	56.8
1	1	1	3.936	296.7	23
1	1	1	1.945	93.4	14.4
1	1	1	1.142	107.7	6.8
1	1	1	0.511	272	86
1	1	1	0.702	146.6	58.6
1	1	1	0.791	115.3	31.4
1	1	1	1.322	3.2	80.9
1	1	1	1.47	301	85.6
1	1	1	0.816	330.5	52.1
1	1	1	0.261	141.9	68.6
1	1	1	0.377	138.5	59.7
1	1	1	0.399	74.5	9.4
1	1	1	0.64	168.2	14.3
1	1	1	1.332	351.9	79.9
1	1	1	3.279	231.9	20.8
1	1	1	2.001	71.9	20.6
1	1	1	2.07	69.9	8.2
1	1	1	1.586	328.7	19.7
1	1	1	2.289	94.9	7
1	1	1	0.936	3.6	4.7
1	1	1	1.335	300.2	23.6
1	1	1	2.657	176.2	42.7
1	1	1	0.972	118	58.2
1	1	1	0.918	149.2	49.9
1	1	1	1.578	154.4	48.2
1	1	1	1.166	141.2	32.3
1	1	1	1.156	81.6	87.3
1	1	1	1.377	5.9	12.8
1	1	1	1.373	39.1	21.1
1	1	1	0.952	359.3	38.5
1	1	1	1.018	3.5	33.1
1	1	1	1.742	92.8	11.3
1	1	1	1.848	94	4.7
1	1	1	2.772	103.5	43.4
1	1	1	2.943	97.4	72.7
1	1	1	0.87	53.2	86
1	1	1	2.494	13.3	26.3
1	1	1	2.009	321.1	67.9
1	1	1	4.12	77.5	10.4
1	1	1	3.932	287.2	5
1	1	1	1.164	343.8	43.6
1	1	1	2.11	58.3	77.8
1	1	1	5.575	320.7	46.5
1	1	1	4.932	10.8	73.9
1	1	1	1.729	293.9	38.6
1	1	1	1.804	350.1	70.3
1	1	1	2.301	65.1	77.5
1	1	1	14.698	91.4	84.5
1	1	1	4.594	346.5	60.7
1	1	1	4.222	8.6	83.5
1	1	1	2.194	0.6	22.4
1	1	1	1.466	258.2	37.1
1	1	1	1.289	50.9	47.8
1	1	1	0.741	342.8	38.5
1	1	1	2.13	355.1	40.9
1	1	1	3.308	3.8	26.5
1	1	1	4.036	334.8	22.7
1	1	1	1.02	27.9	7
1	1	1	2.74	345.7	18.6
1	1	1	1.151	334.2	41.4
1	1	1	1.17	339.7	50.5
1	1	1	0.702	285.8	59.5
1	1	1	1.792	19.4	24.8
1	1	1	1.782	171.8	22.2
1	1	1	2.662	59.4	47.5
1	1	1	1.289	334.2	16.1
1	1	1	1.872	314.4	58.1
1	1	1	1.041	166.4	10.4
1	1	1	2.297	67.2	16.4
1	1	1	0.819	128.9	11.3
1	1	1	1.141	32.5	28.7
1	1	1	1.061	188.6	41.5
1	1	1	2.014	260.5	21.2
1	1	1	4.01	19.4	66.2
1	1	1	2.479	339.5	27.6
1	1	1	1.91	198.4	26
1	1	1	1.306	349	44.3
1	1	1	1.518	278.3	35.8
1	1	1	3.618	265.9	57.2
1	1	1	4.349	217.6	75.9
1	1	1	1.14	1.6	67
1	1	1	1.381	322.1	46.1
1	1	1	1.336	348.1	18
1	1	1	1.65	246	71.6
1	1	1	2.644	32.9	79.6
1	1	1	2.522	20.1	70.8
1	1	1	1.32	131.2	80
1	1	1	3.392	336.6	27.2
1	1	1	2.012	349.6	32.5
1	1	1	1.276	3.1	63.5
1	1	1	1.146	293.8	54
1	1	1	0.454	191	20.2
1	1	1	1.387	338.5	26.4
1	1	1	0.649	320.5	12.1
1	1	1	1.822	357.4	52.7
1	1	1	2.262	239.4	31.6
1	1	1	1.291	355.4	78.4
1	1	1	1.135	295.4	45.2
1	1	1	2.357	20.8	12.1
1	1	1	2.519	357.3	35.9
1	1	1	0.673	4.5	39.7
1	1	1	1.212	359.6	57.3
1	1	1	1.188	346	38.9
1	1	1	3.303	4	29.2
1	1	1	2.041	37.6	40.4
1	1	1	2.002	45.4	26.4
1	1	1	1.312	21.9	35
1	1	1	1.423	25.6	8.8
1	1	1	1.697	326.8	69.1
1	1	1	2.085	343.7	72.3
1	1	1	1.012	231.2	11.5
1	1	1	1.894	109.4	34.3
1	1	1	1.443	93.8	19.9
1	1	1	0.891	153.6	80.2
1	1	1	3.223	51	61.2
1	1	1	0.963	357.5	27
1	1	1	0.752	346	29.3
1	1	1	1.046	146.6	59.6
1	1	1	1.206	0.4	58.3
1	1	1	1.69	159.8	50.5
1	1	1	0.821	6.4	56.6
1	1	1	2.401	166.2	22.1
1	1	1	2.785	169.8	32.1
1	1	1	5.513	140.4	88.5
1	1	1	2.222	22.6	80.1
1	1	1	7.152	22.1	85
1	1	1	4.203	31.3	82.9
1	1	1	9.795	34.5	70
1	1	1	3.757	34.5	51.5
1	1	1	3.223	28.2	13.3
1	1	1	3.464	158.9	15.5
1	1	1	2.257	348.4	35
1	1	1	1.819	290.2	44.5
1	1	1	1.699	32.4	24.2
1	1	1	1.513	348.2	33
1	1	1	1.212	322	49.7
1	1	1	1.07	30.1	89.6
1	1	1	1.071	79.3	32.2
1	1	1	0.855	281.9	56.8
1	1	1	1.182	19.1	42.2
1	1	1	1.75	19	55.7
1	1	1	2.325	347.5	25.4
1	1	1	0.698	34.5	47.6
1	1	1	1.555	353.3	28.2
1	1	1	1.012	25.5	51.6
1	1	1	2.736	297.3	69.8
1	1	1	0.993	33	32.1
1	1	1	0.865	344.5	40.1
1	1	1	0.731	172.4	64
1	1	1	2.026	339.7	53.1
1	1	1	2.071	9.1	43.9
1	1	1	0.395	58.7	13.3
1	1	1	1.711	349.6	85.3
1	1	1	2.318	347.8	30
1	1	1	1.432	16.3	46.7
1	1	1	1.96	2.3	24
1	1	1	2.178	62.6	32.4
1	1	1	1.558	277.8	23.9
1	1	1	2.126	41.9	79.9
1	1	1	2.367	50.9	44.2
1	1	1	1.393	39	59.2
1	1	1	0.86	48.7	40.7
1	1	1	2.147	108.8	66.9
1	1	1	2.418	318.9	62.2
1	1	1	0.985	341.2	35.7
1	1	1	0.863	359.1	58.9
1	1	1	0.692	16.5	61.9
1	1	1	0.785	42.4	56.3
1	1	1	0.593	37.7	85.7
1	1	1	1.113	353.9	21.2
1	1	1	0.403	121.9	73.7
1	1	1	0.991	253.7	14.5
1	1	1	0.427	22.5	60.2
1	1	1	0.288	27.4	66.9
1	1	1	0.576	25.6	51.8
1	1	1	0.418	355.6	36.6
1	1	1	0.935	337.2	82.3
1	1	1	0.682	274.6	37.1
1	1	1	0.964	36.4	65.6
1	1	1	1.783	100	5.8
1	1	1	1.101	234.6	55
1	1	1	0.814	26	48.5
1	1	1	0.58	51.6	31.5
1	1	1	0.628	29.6	50.2
1	1	1	0.644	75.6	29.9
1	1	1	0.595	351.4	22.5
1	1	1	1.343	326.3	76.1
1	1	1	0.43	340.3	89.8
1	1	1	1.104	181.2	55.1
1	1	1	0.562	329.8	67.7
1	1	1	1.187	30.9	88.5
1	1	1	7.241	68.2	27.5
1	1	1	1.568	352.1	35.7
1	1	1	2.732	47.5	46.6
1	1	1	1.535	36.7	83.1
1	1	1	0.777	290.3	58
1	1	1	2.439	59.2	14.2
1	1	1	1.793	83.6	39.2
1	1	1	2.264	44.9	31.4
1	1	1	4.875	259.5	42
1	1	1	1.434	285.6	33.6
1	1	1	2.543	135.1	75.6
1	1	1	1.348	236.3	87.7
1	1	1	0.338	220.5	78.4
1	1	1	0.749	231.1	21.2
1	1	1	0.818	292.8	22.2
1	1	1	0.404	12.1	17.7
1	1	1	1.084	270	49.4
1	1	1	4.606	256.3	42.5
1	1	1	4.336	280.4	19.6
1	1	1	2.026	347.7	80.5
1	1	1	1.735	284.7	57.9
1	1	1	2.257	332.7	31.8
1	1	1	0.935	330.7	37.9
1	1	1	0.661	149.4	51.2
1	1	1	0.937	324.4	56
1	1	1	0.956	219.2	56.5
1	1	1	5.42	7.1	69
1	1	1	5.294	183.5	61.9
1	1	1	3.746	10.3	45.8
1	1	1	2.658	16.3	52.2
1	1	1	3.078	310.1	55
1	1	1	1.489	356.5	64.2
1	1	1	3.582	265.9	49.3
1	1	1	1.52	349.8	73.3
1	1	1	1.492	320.6	22.1
1	1	1	0.675	338.9	23.9
1	1	1	2.063	292.4	23.2
1	1	1	2.414	96.8	39.8
1	1	1	1.95	208.2	54.4
1	1	1	2.275	141.1	25.8
1	1	1	2.386	351.1	45.1
1	1	1	2.097	311.5	38.1
1	1	1	0.813	208.8	66.2
1	1	1	1.293	119.3	66.6
1	1	1	2.429	220.3	47
1	1	1	0.873	181.8	86.6
1	1	1	1.732	327.5	16.1
1	1	1	2.05	337.1	27
1	1	1	2.653	323.2	51.7
1	1	1	3.477	348.3	67.1
1	1	1	2.419	123.1	86.7
1	1	1	1.072	219.7	29.4
1	1	1	1.203	192	84.2
1	1	1	0.7	337.4	52.3
1	1	1	1.817	240.8	68.6
1	1	1	0.682	275.9	16.8
1	1	1	0.904	1.8	24
1	1	1	1.548	8.8	48.9
1	1	1	1.081	341.5	49.3
1	1	1	0.671	36	26.3
1	1	1	1.268	10.7	40.4
1	1	1	1.829	347.2	23.6
1	1	1	0.563	8.2	57.8
1	1	1	0.938	176.6	42.2
1	1	1	1.771	202.5	43.1
1	1	1	0.834	289.7	63.2
1	1	1	1.622	229.9	27.2
1	1	1	1.073	342.6	88.6
1	1	1	0.832	187.5	31
1	1	1	1.485	295.3	85.2
1	1	1	1.267	262.7	70.8
1	1	1	3.703	359.9	47.8
1	1	1	0.766	18.6	49.2
1	1	1	1.724	259.9	51.9
1	1	1	1.43	229	31.5
1	1	1	1.702	327.2	24.6
1	1	1	0.635	309.2	21.7
1	1	1	0.582	256.6	29.6
1	1	1	1.802	351.8	44
1	1	1	1.648	322	39.4
1	1	1	0.83	199.1	70.8
1	1	1	3.395	157.8	16.9
1	1	1	1.742	209.4	43.7
1	1	1	1.025	204.5	47.1
1	1	1	5.996	194.1	36.6
1	1	1	1.496	146.4	78.3
1	1	1	1.268	301.1	35.2
1	1	1	1.589	92.3	9.2
1	1	1	1.159	51.9	59.9
1	1	1	3.723	106.1	31.7
1	1	1	6.165	24.8	87.4
1	1	1	3.588	60	53.1
1	1	1	2.57	26.8	46.2
1	1	1	3.38	32.1	37.9
1	1	1	1.796	24.6	50.1
1	1	1	1.52	311.4	63.6
1	1	1	3.722	8.4	44.4
1	1	1	1.153	344.5	31
1	1	1	1.753	356.6	58.3
1	1	1	2.201	297.5	19.4
1	1	1	4.581	251.4	56.6
1	1	1	0.891	269.7	71.7
1	1	1	1.451	359.5	47.3
1	1	1	1.203	304.8	34.6
1	1	1	1.118	157.3	52
1	1	1	2.128	157.9	88.3
1	1	1	0.882	29.2	11.7
1	1	1	2.321	330.2	46.3
1	1	1	1.002	209.6	42.6
1	1	1	2.951	282.5	47.3
1	1	1	1.202	23.1	41.7
1	1	1	0.735	351.4	59
1	1	1	1.157	266.1	55.8
1	1	1	1.5	6.6	30.9
1	1	1	2.209	350.6	37.5
1	1	1	1.14	126.1	76
1	1	1	0.804	265.7	74.3
1	1	1	0.669	289.8	74.1
1	1	1	0.939	281.3	34.8
1	1	1	1.185	215	85.1
1	1	1	1.172	121.5	52.5
1	1	1	2.871	14.3	38.8
1	1	1	2.89	76.1	61.5
1	1	1	2.364	280.7	29
1	1	1	2.339	13.1	45.7
1	1	1	0.693	35.6	87.3
1	1	1	1.247	340	39.9
1	1	1	1.589	228.4	81.5
1	1	1	2.954	226.8	45.1
1	1	1	5.928	340.3	37.7
1	1	1	3.29	13.6	35.1
1	1	1	1.209	20.9	49.6
1	1	1	2.66	352	35.1
1	1	1	0.952	7.4	45.1
1	1	1	3.216	302.5	39.2
1	1	1	3.359	16.9	44.2
1	1	1	2.33	8.9	29.6
1	1	1	0.723	338.4	21
1	1	1	3.874	352	27.1
1	1	1	1.652	3.2	39.9
1	1	1	1.287	0.5	36.5
1	1	1	3.933	130.2	58.5
1	1	1	1.589	54.7	23.4
1	1	1	1.95	44.2	61.8
1	1	1	1.156	1.9	83.3
1	1	1	0.85	61.4	13.7
1	1	1	1.069	84.8	29.3
1	1	1	1.717	8.1	10.4
1	1	1	1.165	256.7	49.4
1	1	1	0.373	358.1	31
1	1	1	0.977	0.5	36.2
1	1	1	1.31	79.6	57.4
1	1	1	0.49	352.7	56.6
1	1	1	0.948	75.1	59.4
1	1	1	1.738	93.6	84.9
1	1	1	1.028	20.7	76.2
1	1	1	1.337	312.1	56.1
1	1	1	0.812	338	84.2
1	1	1	4.611	272.3	25.4
1	1	1	4.452	91.5	77.4
1	1	1	3.788	359	52.5
1	1	1	2.156	182.1	78.7
1	1	1	1.455	50.1	80.2
1	1	1	1.011	310.9	4.7
1	1	1	2.012	186.5	84.4
1	1	1	1.607	196.8	80.1
1	1	1	2.116	344.4	11.3
1	1	1	0.404	44.1	52.3
1	1	1	0.866	205	82.6
1	1	1	2.219	45.4	26.7
1	1	1	1.574	110	34.3
1	1	1	1.086	90.4	28.7
1	1	1	3.326	342.3	46.5
1	1	1	3.159	1.8	67.5
1	1	1	0.968	27.5	58.4
1	1	1	8.6	196.4	26.6
1	1	1	3.022	258.7	88.7
1	1	1	1.192	279	37.2
1	1	1	0.594	149.3	41.5
1	1	1	0.792	150	84.3
1	1	1	1.04	135.2	88
1	1	1	1.126	176.7	78.6
1	1	1	0.972	85.1	56.5
1	1	1	1.801	250.4	49.5
1	1	1	0.978	356.3	83.6
1	1	1	0.721	59.6	14
1	1	1	1.334	317.7	37.7
1	1	1	0.392	336.3	48
1	1	1	1.357	35	7.9
1	1	1	1.47	339.8	47.9
1	1	1	1.625	6.7	43.8
1	1	1	3.162	330.8	74
1	1	1	2.157	65.6	1.4
1	1	1	1.813	9.5	48.7
1	1	1	4.202	234.8	34.9
1	1	1	0.674	9.8	43
1	1	1	1.627	330.8	25.9
1	1	1	0.879	240.5	71.1
1	1	1	0.772	253.1	61.7
1	1	1	1.077	329.9	26.8
1	1	1	1.691	216	45.9
1	1	1	2.773	212	80.6
1	1	1	1.347	213	85.1
1	1	1	0.991	116.3	83.6
1	1	1	1.115	162.1	82.3
1	1	1	1.1	203.7	68.3
1	1	1	0.946	326.9	40.5
1	1	1	1.747	306.7	45.2
1	1	1	2.35	78.3	61.7
1	1	1	1.008	2.1	63.3
1	1	1	0.678	326.9	57.1
1	1	1	0.761	335.4	44.4
1	1	1	1.821	346.9	61.8
1	1	1	2.852	17.2	77.4
1	1	1	0.726	134.7	34.5
1	1	1	0.881	267	48.7
1	1	1	0.717	231.9	63.4
1	1	1	0.817	237.8	42.1
1	1	1	1.22	288.6	31.8
1	1	1	1.51	125.9	89.4
1	1	1	1.702	19.5	60.6
1	1	1	1.474	215.3	47
1	1	1	2.52	328.5	12.3
1	1	1	0.684	21.8	14.2
1	1	1	1.272	118.1	53.1
1	1	1	1.169	24.8	30.1
1	1	1	1.046	223.2	59.3
1	1	1	0.627	31.9	20.5
1	1	1	0.625	34.6	35.2
1	1	1	1.324	314	23.9
1	1	1	1.23	23.7	23.7
1	1	1	3.541	184.3	30.5
1	1	1	0.858	9.1	64.5
1	1	1	0.342	359.3	57.8
1	1	1	0.61	352.1	48.7
1	1	1	2.828	336.8	43.7
1	1	1	2.052	162.8	87.3
1	1	1	1.934	31.2	60.1
1	1	1	0.877	196.8	42.4
1	1	1	1.608	350.5	85.6
1	1	1	0.533	21.8	28.3
1	1	1	1.677	28.4	55.9
1	1	1	1.953	23.5	32.9
1	1	1	0.956	216.5	66.2
1	1	1	2.485	221.1	26.2
1	1	1	3.854	191.9	38.8
1	1	1	3.443	19.4	76.1
1	1	1	2.008	203.2	68.3
1	1	1	1.402	213.4	36
1	1	1	0.89	325.6	11.9
1	1	1	1.955	231.7	19.1
1	1	1	0.704	105.7	54
1	1	1	1.865	195.5	63.8
1	1	1	0.984	149.2	24.9
1	1	1	1.696	8.3	70.6
1	1	1	2.036	51.6	28.1
1	1	1	1.565	233.3	47
1	1	1	1.384	297.4	15.8
1	1	1	2.098	322.7	32.4
1	1	1	1.585	294.7	22.5
1	1	1	0.989	5.9	52.2
1	1	1	0.959	8.4	46.4
1	1	1	3.622	7	47.9
1	1	1	1.712	90.9	55.2
1	1	1	1.642	37.6	37.4
1	1	1	0.803	133.8	34.5
1	1	1	2.141	234.1	72.8
1	1	1	1.382	29.4	89.5
1	1	1	1.879	334.1	62.7
1	1	1	2.497	326.7	13.5
1	1	1	3.642	234.1	42.9
1	1	1	2.617	43.5	58.3
1	1	1	1.482	359	25.4
1	1	1	2.422	65.9	59.5
1	1	1	0.803	20.7	74.4
1	1	1	2.246	354.5	56.7
1	1	1	0.444	171.5	59.4
1	1	1	2.654	9.3	61.2
1	1	1	1.598	318.8	53.9
1	1	1	1.305	85.2	58.2
1	1	1	1.74	220.5	65.5
1	1	1	0.973	344.7	76
1	1	1	5.139	288.1	15.5
1	1	1	3.11	3.9	59
1	1	1	1.02	194.4	83.7
1	1	1	1.816	87	17.5
1	1	1	4.347	138.5	18.8
1	1	1	1.2	347.2	52.7
1	1	1	3.755	212.1	60.8
1	1	1	1.422	124	71.4
1	1	1	2.159	341.7	33.2
1	1	1	3.725	318.2	7.3
1	1	1	1.598	341.5	30.3
1	1	1	1.088	287.2	35.7
1	1	1	1.2	274.1	68.9
1	1	1	0.753	42.4	54.5
1	1	1	0.981	75.4	47.5
1	1	1	0.595	7.4	51.7
1	1	1	1.142	331.8	87.5
1	1	1	0.804	48.6	88.7
1	1	1	0.779	336.6	33.3
1	1	1	0.776	294.5	32
1	1	1	1.21	40	70.3
1	1	1	0.885	342.2	24.9
1	1	1	1.156	93.9	69.7
1	1	1	0.565	8	16.8
1	1	1	0.634	53.8	57.2
1	1	1	0.869	42.2	23.3
1	1	1	1.301	322.1	50.1
1	1	1	0.593	236.9	69.2
1	1	1	0.957	353	21.6
1	1	1	0.916	28.5	43.1
1	1	1	0.462	50.6	57.1
1	1	1	0.862	83.5	60.1
1	1	1	0.724	219.7	47.5
1	1	1	1.494	58.6	74
1	1	1	0.486	13.7	84.4
1	1	1	0.739	275.4	24.1
1	1	1	0.92	1.8	46.3
1	1	1	0.959	348.9	54.5
1	1	1	1.097	2.7	52.2
1	1	1	0.68	44.6	81.6
1	1	1	1.18	216.1	73.4
1	1	1	1.214	236.6	25.6
1	1	1	0.796	24.1	48.1
1	1	1	0.627	39.3	26.6
1	1	1	0.814	288.8	37.7
1	1	1	0.464	223.8	88.9
1	1	1	0.596	343	36.3
1	1	1	0.836	29.9	75.7
1	1	1	1.003	66.2	43
1	1	1	0.472	33.2	72.9
1	1	1	0.687	1.2	69.3
1	1	1	0.51	16	27
1	1	1	0.436	35.8	71.4
1	1	1	0.758	12.9	52.4
1	1	1	0.322	26.1	83.4
1	1	1	0.51	60	84.1
1	1	1	0.343	25.2	41.4
1	1	1	1.234	242.4	85.3
1	1	1	0.273	57.3	19.6
1	1	1	0.688	62.5	38.7
1	1	1	1.037	111.4	30.2
1	1	1	0.497	270.1	53
1	1	1	0.554	237.5	83.7
1	1	1	0.326	185.5	70.2
1	1	1	1.29	350.3	42.2
1	1	1	0.986	332.8	35.6
1	1	1	0.849	2.3	52.2
1	1	1	0.845	347.4	49.6
1	1	1	0.468	355.4	20.6
1	1	1	0.459	220.1	42.4
1	1	1	0.673	235.1	62.4
1	1	1	1.835	325.3	34
1	1	1	0.807	260.1	80.8
1	1	1	1.08	345.1	48.4
1	1	1	0.95	342.1	38.4
1	1	1	0.713	10	53
1	1	1	3.173	346.1	72.5
1	1	1	5.12	338.7	69.2
1	1	1	2.377	335.2	74.6
1	1	1	1.268	338.2	74.7
1	1	1	1.515	149.4	81.8
1	1	1	0.608	194.4	33.7
1	1	1	1.81	353.7	42.9
1	1	1	1.04	350.2	42.4
1	1	1	1.01	340.2	65.9
1	1	1	0.505	219.7	42.6
1	1	1	0.464	214.9	63.6
1	1	1	0.553	338	59.6
1	1	1	0.505	221.1	40
1	1	1	0.516	261.5	37.2
1	1	1	1.736	341.1	34.7
1	1	1	0.992	28.6	62.5
1	1	1	1.483	310.3	67.4
1	1	1	0.833	155.5	75.5
1	1	1	0.655	128.9	77.6
1	1	1	1.281	37.5	63.6
1	1	1	0.669	6.1	40.6
1	1	1	0.645	25.6	49.3
1	1	1	0.589	27.5	74.5
1	1	1	0.635	98	26.7
1	1	1	1.17	134.1	79.8
1	1	1	0.617	9	77.1
1	1	1	2.941	313.7	31.1
1	1	1	7.422	11.6	64.7
1	1	1	9.934	3.7	55.2
1	1	1	2.798	331.3	39.5
1	1	1	2.105	281.7	25.9
1	1	1	1.767	323.2	54
1	1	1	9.642	96.3	77.8
1	1	1	4.524	338.1	83.1
1	1	1	4.052	185.3	74.1
1	1	1	2.954	204.2	72.6
1	1	1	3.094	100.9	77.7
1	1	1	1.994	20.9	79
1	1	1	1.803	298.4	34.3
1	1	1	0.851	208.7	72.2
1	1	1	0.446	293	28.6
1	1	1	1.613	22.7	27.8
1	1	1	0.793	183.5	16
1	1	1	1.006	132.4	65.5
1	1	1	1.568	178.6	61.2
1	1	1	3.091	167.1	35.1
1	1	1	2.54	351.4	39.5
1	1	1	1.107	1.2	62.5
1	1	1	0.982	321.7	38.3
1	1	1	2.438	58.7	48.4
1	1	1	4.888	158.2	21.3
1	1	1	4.127	12.5	55.5
1	1	1	2.458	1.9	80.3
1	1	1	1.701	113.1	83.7
1	1	1	0.848	214.3	47.5
1	1	1	1.363	227.5	25.2
1	1	1	0.528	10.1	71.6
1	1	1	1.027	3.5	53.7
1	1	1	0.931	0.2	48
1	1	1	2.71	200.4	36.8
1	1	1	0.592	15.8	59.1
1	1	1	0.757	120	11.3
1	1	1	0.511	151.9	73.6
1	1	1	1.935	204.3	19.8
1	1	1	1.742	169.5	46.6
1	1	1	1.341	12.4	24.6
1	1	1	2.347	230	30.9
1	1	1	1.302	206.5	63.9
1	1	1	1.493	351.2	27.9
1	1	1	0.696	8	40.5
1	1	1	0.587	9.1	78.9
1	1	1	1.412	282.5	13.2
1	1	1	2.153	25.6	42.9
1	1	1	4.714	206.8	31.9
1	1	1	0.891	110.6	67.7
1	1	1	0.948	15.5	48.5
1	1	1	0.836	8.6	24.7
1	1	1	1.79	8.3	33.5
1	1	1	1.177	5.6	50.9
1	1	1	0.602	353.7	44
1	1	1	0.951	234.5	70.1
1	1	1	0.841	271.7	70.5
1	1	1	0.86	310.5	23
1	1	1	0.514	346.7	24.7
1	1	1	1.123	75.7	60.8
1	1	1	0.404	89.6	72.3
1	1	1	1.182	63.6	47.8
1	1	1	1.405	108.7	24.9
1	1	1	2.351	75.4	67
1	1	1	0.922	1.7	55.4
1	1	1	1.581	56.7	12.6
1	1	1	0.848	356.9	40.7
1	1	1	2.26	127.5	51.5
1	1	1	1.397	8.4	83.5
1	1	1	1.599	232.8	87
1	1	1	0.785	191.7	43.7
1	1	1	1.26	239.9	55.2
1	1	1	1.359	343	32.2
1	1	1	1.023	21.7	79.3
1	1	1	3.786	215.7	60.4
1	1	1	1.012	28.3	48.4
1	1	1	0.967	301.6	25
1	1	1	1.357	336.1	29.5
1	1	1	1.284	49.9	12.2
1	1	1	2.015	39.8	61.4
1	1	1	0.707	152.1	69.7
1	1	1	0.8	179.4	73.4
1	1	1	3.222	326.1	69.1
1	1	1	1.266	323.8	75.5
1	1	1	2.403	15.1	40.8
1	1	1	4.383	231.4	80
1	1	1	2.66	273.4	20.8
1	1	1	4.431	339.1	27.6
1	1	1	1.054	30	82.4
1	1	1	1.041	193.2	89.4
1	1	1	1.318	343.2	20.2
1	1	1	2.77	207.8	78.2
1	1	1	2.761	356.4	50.3
1	1	1	1.944	275.5	41.1
1	1	1	1.245	94.5	83.2
1	1	1	1.249	27.6	72
1	1	1	1.03	54	60.4
1	1	1	0.929	46.4	83.4
1	1	1	1.902	325.5	49.7
1	1	1	1.472	10.4	47.7
1	1	1	8.695	277.8	23.8
1	1	1	1.692	350.4	35.8
1	1	1	3.136	344	81.7
1	1	1	0.768	330.8	82.8
1	1	1	1.119	329.4	82.1
1	1	1	0.704	201.3	87.6
1	1	1	1.272	28.2	28.7
1	1	1	1.391	39.1	40.7
1	1	1	1.562	285.4	24
1	1	1	4.357	24.8	30.7
1	1	1	2.227	359	54.7
1	1	1	1.514	342.3	50.8
1	1	1	1.929	134.7	8.9
1	1	1	2.503	43.3	34.1
1	1	1	1.282	357.9	50.3
1	1	1	2.054	123.8	28.6
1	1	1	1.249	28.9	57.4
1	1	1	3.645	5.4	49.3
1	1	1	2.876	19.9	44.6
1	1	1	4.151	32.3	52.2
1	1	1	2.903	13.4	69.6
1	1	1	0.987	348.3	75
1	1	1	0.948	156	72.8
1	1	1	0.396	105.5	53.7
1	1	1	1.746	1.2	61.5
1	1	1	4.119	32.5	70.7
1	1	1	0.673	353.1	43.4
1	1	1	2.002	91.9	58
1	1	1	2.619	125.4	41.8
1	1	1	1.329	69.8	40.8
1	1	1	0.466	28.7	33.3
1	1	1	0.674	21.9	51.8
1	1	1	0.977	136.5	62
1	1	1	3.083	150.8	73.7
1	1	1	1.438	26.2	61.8
1	1	1	1.971	183.4	78.6
1	1	1	1.18	151.2	88.7
1	1	1	0.935	172.3	75.3
1	1	1	1.32	348.7	88.8
1	1	1	0.762	0.4	79.5
1	1	1	1.191	359.2	61.6
1	1	1	0.573	295.6	29
1	1	1	0.962	355.7	89.6
1	1	1	1.43	237.4	51.3
1	1	1	1.323	353.3	27.1
1	1	1	2.812	36.6	37.4
1	1	1	3.305	16.4	29.5
1	1	1	3.993	43.6	48.3
1	1	1	2.97	142.8	53.1
1	1	1	3.711	2.2	24.5
1	1	1	2.909	125	74.9
1	1	1	4.919	12.3	42.7
1	1	1	2.426	103.4	49.7
1	1	1	2.87	24.1	58.6
1	1	1	5.11	134.5	60.9
1	1	1	2.43	346.3	38.3
1	1	1	3.691	11.4	67.7
1	1	1	1.823	68.3	82.4
1	1	1	2.106	60.6	63.7
1	1	1	4.345	75.3	21.2
1	1	1	1.05	315.7	14
1	1	1	0.316	62.3	76.9
1	1	1	1.824	358.1	45.6
1	1	1	1.185	347.7	83.1
1	1	1	0.714	264.5	74.8
1	1	1	1.533	33.4	52.8
1	1	1	1.155	6.8	60.6
1	1	1	1.566	345.9	67.3
1	1	1	1.096	53.7	40.6
1	1	1	1.03	314.3	44.4
1	1	1	1.758	70	53.5
1	1	1	1.308	342	54.5
1	1	1	0.776	175.9	70.7
1	1	1	1.098	284	58.7
1	1	1	2.799	53	49.1
1	1	1	3.736	5.7	42.6
1	1	1	1.384	328.7	58.2
1	1	1	6.087	40.5	46.5
1	1	1	2.405	44.6	55.3
1	1	1	1.59	179.2	61.2
1	1	1	0.967	1	88.2
1	1	1	1.692	342.3	71.6
1	1	1	0.919	163.7	73.5
1	1	1	0.818	132.2	65.9
1	1	1	2.496	320	51.9
1	1	1	0.706	269.9	41.7
1	1	1	0.821	92.3	75.4
1	1	1	3.246	28.4	32.5
1	1	1	1.046	320.4	56.1
1	1	1	0.705	107.1	65.9
1	1	1	0.765	186	89.5
1	1	1	1.126	52.2	20.5
1	1	1	0.744	252	88
1	1	1	0.802	190.4	30.7
1	1	1	1.216	272.8	4.1
1	1	1	3.188	121	68.6
1	1	1	2.544	312.5	40.3
1	1	1	1.508	254.6	76.2
1	1	1	1.146	130.3	76.4
1	1	1	2.473	27.3	71.5
1	1	1	1.847	345.6	70.6
1	1	1	1.656	108.8	82.9
1	1	1	1.286	309.2	75.8
1	1	1	0.62	43.6	31.8
1	1	1	1.182	275.8	25
1	1	1	1.399	270.6	12.9
1	1	1	1.14	276.6	50.4
1	1	1	7.042	299.8	16.5
1	1	1	3.634	48.6	26.4
1	1	1	1.5	51.8	67.1
1	1	1	1.442	205.6	55.7
1	1	1	1.454	58.5	37.7
1	1	1	0.759	311.4	81.1
1	1	1	1.507	61.4	82.5
1	1	1	2.192	287.9	61.8
1	1	1	2.264	45.6	53.9
1	1	1	0.561	44.8	35.2
1	1	1	1.423	87.4	55.2
1	1	1	2.73	149.6	69
1	1	1	4.046	57.1	57.9
1	1	1	2.584	93	42.7
1	1	1	2.378	105.7	36.1
1	1	1	3.273	100.7	16.3
1	1	1	1.574	185.6	26.5
1	1	1	1.735	226.8	86.7
1	1	1	1.023	346.2	33.6
1	1	1	2.546	76.3	82.5
1	1	1	1.684	115.8	47.7
1	1	1	0.804	38.2	81.3
1	1	1	0.998	151.4	30
1	1	1	2.342	104.3	85.3
1	1	1	1.239	142.3	29.9
1	1	1	1.488	93.9	63.7
1	1	1	1.279	178.5	67
1	1	1	2.207	351.1	62.1
1	1	1	2.073	131.2	81.8
1	1	1	0.768	40.1	59.6
1	1	1	2.46	315.1	86.1
1	1	1	1.031	357.2	38.6
1	1	1	0.96	161.6	78.5
1	1	1	1.117	24.2	43.7
1	1	1	2.764	138.8	88.2
1	1	1	1.493	124	31.7
1	1	1	2.884	344.5	65.5
1	1	1	1.41	339.2	85.7
1	1	1	1.133	156.8	41.6
1	1	1	1.388	122.2	79.8
1	1	1	1.101	88.3	8.4
1	1	1	0.817	221.3	74.3
1	1	1	0.908	270.5	63.1
1	1	1	1.684	105.6	54.5
1	1	1	1.939	106.3	60
1	1	1	0.785	115.4	45.1
1	1	1	0.677	242.6	55.7
1	1	1	1.122	336.4	79.6
1	1	1	3.219	135.7	53.8
1	1	1	4.284	121.7	38.4
1	1	1	3.537	148.9	64.9
1	1	1	3.351	265.2	85.9
1	1	1	2.347	148.2	29.2
1	1	1	1.583	253.5	55.3
1	1	1	2.162	150.3	80.9
1	1	1	1.987	148.6	59.2
1	1	1	1.125	119.2	51
1	1	1	1.015	342.9	63.5
1	1	1	1.86	311.1	81.2
1	1	1	2.284	329.8	72.3
1	1	1	1.7	16.1	59.6
1	1	1	0.96	117.2	64.7
1	1	1	1.101	34.9	87
1	1	1	0.941	123.2	83.3
1	1	1	1.155	121.1	52.6
1	1	1	0.97	285.1	26.1
1	1	1	5.323	130.1	71.9
1	1	1	2.599	134.2	57.5
1	1	1	3.953	48.8	71.8
1	1	1	1.998	207.5	81.3
1	1	1	1.53	355.7	54.2
1	1	1	0.915	333.9	34.4
1	1	1	2.022	208.6	77.1
1	1	1	1.578	353.3	65.4
1	1	1	0.423	132.1	46.1
1	1	1	0.529	107.6	63.5
1	1	1	5.677	126.8	85
1	1	1	2.34	10.4	42.9
1	1	1	2.921	346.2	79.6
1	1	1	2.415	117.8	46.6
1	1	1	1.091	158.8	31.9
1	1	1	1.106	349.4	41.6
1	1	1	1.561	41.2	89.9
1	1	1	1.406	348.4	29.9
1	1	1	4.153	94.7	54.4
1	1	1	1.777	279.9	87.2
1	1	1	1.701	0.8	75.2
1	1	1	1.114	5.4	77
1	1	1	0.697	236.7	71.5
1	1	1	1.616	83.1	33.2
1	1	1	3.347	84.3	81.9
1	1	1	22.525	146	63
1	1	1	1.69	268.9	50.4
1	1	1	1.613	80	25.4
1	1	1	2.635	39.6	38.4
1	1	1	1.672	77.9	24.7
1	1	1	0.82	100.6	78.3
1	1	1	3.218	3	33.6
1	1	1	1.847	215.1	22
1	1	1	0.882	341.1	72
1	1	1	2.706	151.1	18.4
1	1	1	2.663	6.7	55.2
1	1	1	3.443	256.7	73.1
1	1	1	0.832	62.6	72.8
1	1	1	1.256	0.3	42.9
1	1	1	1.409	84.4	59.3
1	1	1	1.261	72.7	81.1
1	1	1	1.86	128.8	33.3
1	1	1	2.111	246.1	14.6
1	1	1	2.675	234.8	26.8
1	1	1	0.94	265.1	7.5
1	1	1	2.079	39	44.4
1	1	1	5.226	42.9	27
1	1	1	1.167	61.1	89.6
1	1	1	0.942	329.4	58.8
1	1	1	3.271	266	65.5
1	1	1	2.518	357	10.7
1	1	1	3.974	167.2	19.5
1	1	1	1.383	99.6	24.3
1	1	1	1.748	330.1	32.9
1	1	1	1.626	324.2	71.7
1	1	1	6.261	26.4	40.3
1	1	1	1.235	6.2	61.8
1	1	1	0.858	128.4	30.2
1	1	1	3.535	2.3	28.5
1	1	1	1.344	350.6	85
1	1	1	0.653	34.6	48.3
1	1	1	1.427	69	4.4
1	1	1	0.665	136.3	38.8
1	1	1	0.427	232.4	74.6
1	1	1	0.746	1.2	89.8
1	1	1	0.754	104.9	44.1
1	1	1	2.161	350.6	54
1	1	1	0.735	358.1	50.8
1	1	1	9.255	96.7	47.5
1	1	1	2.789	114.4	42.6
1	1	1	3.464	355.6	70.1
1	1	1	2.426	247.5	40.7
1	1	1	1.565	123.2	67
1	1	1	0.601	324.4	51.4
1	1	1	1.499	285.4	66.9
1	1	1	0.714	124.8	44.5
1	1	1	4.948	280.2	89.2
1	1	1	1.699	44.9	32.3
1	1	1	2.994	93.4	80.6
1	1	1	0.521	144.9	19.1
1	1	1	0.646	154.6	87.1
1	1	1	0.676	57.8	74
1	1	1	1.084	157.3	73
1	1	1	0.753	193.2	73.9
1	1	1	0.693	63.8	88.9
1	1	1	1.838	336.9	75.3
1	1	1	2.182	297.5	40.9
1	1	1	1.894	261.5	43.5
1	1	1	1.334	318	42.8
1	1	1	1.464	287.4	60.7
1	1	1	0.889	97.1	56.9
1	1	1	0.885	64.6	33
1	1	1	1.857	256.1	89.6
1	1	1	3.678	83.1	87.6
1	1	1	1.081	106.4	60.4
1	1	1	2.399	73.2	14.3
1	1	1	2.19	292.3	86.1
1	1	1	3.152	10.8	58.2
1	1	1	4.888	78	47
1	1	1	3.53	355.4	57.8
1	1	1	2.671	320.2	88.9
1	1	1	1.228	286	39.4
1	1	1	1.009	230.9	35
1	1	1	0.691	236	50.5
1	1	1	4.425	22.5	33.8
1	1	1	13.763	64.6	43.3
1	1	1	5.525	233.2	20.6
1	1	1	3.121	102.6	51.6
1	1	1	1.534	32.3	21.5
1	1	1	2	221.2	22.2
1	1	1	6.705	276.3	85.2
1	1	1	4.447	11.1	29.8
1	1	1	2.835	330.8	50.4
1	1	1	1.598	263.5	59.1
1	1	1	1.099	123.2	52.9
1	1	1	1.499	46.5	68.5
1	1	1	3.964	43.7	52.6
1	1	1	2.249	10.1	86.1
1	1	1	2.2	99.9	84
1	1	1	1.288	39	30
1	1	1	1.28	258.5	60.6
1	1	1	10.101	332	25.1
1	1	1	4.463	3.7	49.9
1	1	1	3.496	315.2	49.9
1	1	1	7.81	84.8	56.7
1	1	1	2.046	142.9	14.6
1	1	1	4.352	38.7	77
1	1	1	1.867	359.7	68.8
1	1	1	3.09	14	66.3
1	1	1	4.512	9.6	49.7
1	1	1	8.157	255.2	88.7
1	1	1	6.311	345	86.1
1	1	1	3.374	308.2	49.2
1	1	1	3.231	250.3	71.3
1	1	1	2.841	26.9	87.8
1	1	1	5.239	336.8	45.7
1	1	1	2.009	59.9	19.5
1	1	1	2.168	230.3	82.8
1	1	1	2.76	341.6	38
1	1	1	1.797	352.4	75.8
1	1	1	2.417	317.5	34.1
1	1	1	2.277	332.3	38.7
1	1	1	3.07	278.9	46.4
1	1	1	2.976	341.9	37.4
1	1	1	2.709	345	53.2
1	1	1	3.362	243.7	81.7
1	1	1	6.135	342.1	33
1	1	1	2.648	54.1	88.5
1	1	1	2.625	159.1	74.6
1	1	1	1.309	341.6	56.9
1	1	1	1.365	330.9	79.7
1	1	1	1.474	10.9	15.9
1	1	1	2.961	312.6	89
1	1	1	1.324	347.1	30
1	1	1	1.472	183.3	88.1
1	1	1	4.899	353.1	19.9
1	1	1	7.162	136.9	79.3
1	1	1	9.844	20.2	25.7
1	1	1	2.483	319.1	46.3
1	1	1	2.45	9	43.1
1	1	1	1.915	37.3	60.7
1	1	1	1.087	6.4	46.4
1	1	1	5.914	36.2	85.9
1	1	1	10.054	13.7	67.4
1	1	1	1.333	14.8	41.6
1	1	1	1.441	221.3	47.7
1	1	1	2.606	279.5	41.8
1	1	1	1.24	217.5	37.3
1	1	1	2.684	321.6	46.3
1	1	1	2.963	5.8	20.8
1	1	1	2.832	324.4	53.3
1	1	1	3.155	206.8	1.9
1	1	1	2.245	0.4	55.5
1	1	1	1.131	246.2	66.5
1	1	1	1.447	126.3	72.8
1	1	1	0.623	332.6	58
1	1	1	0.629	8	72.6
1	1	1	1.12	293.9	25.4
1	1	1	2.016	341.6	44.5
1	1	1	1.391	340.1	64.9
1	1	1	5.017	348.3	51.7
1	1	1	1.22	4	62.1
1	1	1	1.11	10.1	50.8
1	1	1	2.97	20	56.4
1	1	1	3.507	23.4	61.4
1	1	1	2.957	309.3	59.3
1	1	1	4.07	123.5	30.8
1	1	1	4.098	24.5	73.8
1	1	1	1.79	136.3	38.1
1	1	1	1.187	30.1	85.1
1	1	1	0.86	270.6	14
1	1	1	3.451	298.3	70.8
1	1	1	2.421	17.1	68.3
1	1	1	6.212	8.2	60.5
1	1	1	2.435	1.5	61
1	1	1	4.834	2.6	49.1
1	1	1	9.061	323.5	54.9
1	1	1	7.854	269.8	41
1	1	1	5.078	324.9	45.9
1	1	1	3.029	332.4	16.1
1	1	1	2.333	174.9	38.7
1	1	1	2.815	337.5	40
1	1	1	6.255	344.1	59.5
1	1	1	9.254	140	65
1	1	1	1.886	350.3	56
1	1	1	4.525	313.2	6.9
1	1	1	1.269	240.5	17.8
1	1	1	1.035	347.2	89.2
1	1	1	0.69	307.8	74.2
1	1	1	0.53	352.3	77.1
1	1	1	1.509	207	24.1
1	1	1	1.124	298	38.3
1	1	1	0.488	41.6	52.8
1	1	1	1.007	351.7	27.2
1	1	1	0.928	267.4	58
1	1	1	2.523	115.3	47.8
1	1	1	1.306	61.9	61.4
1	1	1	0.922	84.2	78.7
1	1	1	1.283	296.2	85.4
1	1	1	1.295	42.4	51.6
1	1	1	0.927	93.7	89.1
1	1	1	0.413	98.8	50.5
1	1	1	0.937	314.4	72.5
1	1	1	1.081	140.8	74.4
1	1	1	0.941	156.9	75.2
1	1	1	1.872	12.6	64.9
1	1	1	0.773	321.8	85.3
1	1	1	1.766	154.8	37.7
1	1	1	2.498	333.4	73.7
1	1	1	0.904	14.4	77.2
1	1	1	0.602	280.5	21.8
1	1	1	1.161	356.7	49.3
1	1	1	1.456	165.5	71.5
1	1	1	2.086	329.7	36.9
1	1	1	1.322	79.9	75.1
1	1	1	1.309	337.5	13.7
1	1	1	0.535	183.8	80.6
1	1	1	2.563	115.8	84.1
1	1	1	0.63	30.3	73.8
1	1	1	0.665	111.2	84.9
1	1	1	1.038	272.6	50.6
1	1	1	1.888	115.7	85.6
1	1	1	0.718	219.3	72.4
1	1	1	0.653	136.4	74.3
1	1	1	1.536	186.9	83.5
1	1	1	0.68	91.6	68.2
1	1	1	2.438	97.1	66.8
1	1	1	1.844	19.2	46.6
1	1	1	0.809	358.6	80.2
1	1	1	0.918	125.5	85.1
1	1	1	0.889	70.3	70.1
1	1	1	2.707	85.8	43.3
1	1	1	1.796	323.9	40.4
1	1	1	0.889	321.8	31.1
1	1	1	0.884	178.8	63.9
1	1	1	0.725	266	83.8
1	1	1	1.18	86.4	65.5
1	1	1	0.752	33.4	77.7
1	1	1	1.003	132.1	37.3
1	1	1	0.704	272	58.4
1	1	1	1.012	314.2	17.1
1	1	1	1.027	188.2	83.7
1	1	1	0.768	346.8	37.7
1	1	1	0.542	336.2	39.6
1	1	1	0.552	166.8	83.2
1	1	1	0.705	338.7	47.5
1	1	1	0.236	15	40.9
1	1	1	0.665	293.9	69.4
1	1	1	0.616	118.4	71.4
1	1	1	1.429	183	86.4
1	1	1	1.426	331.4	67.2
1	1	1	0.802	112.3	84.1
1	1	1	0.708	264.2	88.6
1	1	1	1.329	258.5	64.1
1	1	1	1.071	309.3	57.1
1	1	1	0.906	52.3	31.2
1	1	1	1.448	234.4	49.6
1	1	1	0.964	312.7	28.6
1	1	1	1.561	65	48.2
1	1	1	1.043	333.3	34
1	1	1	1.84	322	27.6
1	1	1	0.899	350.2	63.4
1	1	1	1.275	356.3	28
1	1	1	1.452	234.5	82.1
1	1	1	1.301	287.7	84.9
1	1	1	1.681	106.9	62.2
1	1	1	1.061	101.8	72.1
1	1	1	0.811	318.2	33.7
1	1	1	2.142	87.7	56.4
1	1	1	0.885	102.8	69.7
1	1	1	0.589	111.8	75.7
1	1	1	2.024	161.2	64.5
1	1	1	0.744	292.3	79.9
1	1	1	0.465	310.4	36.5
1	1	1	0.715	281.7	78
1	1	1	0.429	162.4	90
1	1	1	0.722	62	88.2
1	1	1	0.813	84.6	42.5
1	1	1	0.357	93.1	34.1
1	1	1	0.59	189.3	12.2
1	1	1	0.699	23.1	31.7
1	1	1	0.475	51.5	49.5
1	1	1	0.75	105.7	81.5
1	1	1	1.526	89.5	30.9
1	1	1	2.757	155.5	54.2
1	1	1	1.873	348.9	36.4
1	1	1	1.585	236	89.8
1	1	1	1.137	348.1	43.7
1	1	1	2.436	91.5	75.8
1	1	1	3.769	1.8	55.4
1	1	1	1.437	343.1	55.3
1	1	1	1.315	314.8	64.9
1	1	1	1.672	300.9	58.9
1	1	1	1.518	21.9	89.1
1	1	1	1.155	20.5	80.4
1	1	1	2.158	336.5	87
1	1	1	0.846	156.8	56.3
1	1	1	1.394	70.6	33.7
1	1	1	1.162	348.2	71.2
1	1	1	0.704	315.6	58.9
1	1	1	1.689	21.7	84.2
1	1	1	1.123	32	70.1
1	1	1	1.08	78.7	35.1
1	1	1	2.046	3.5	56.2
1	1	1	1.407	337	84
1	1	1	0.619	348.3	44
1	1	1	1.317	7.6	65.9
1	1	1	1.582	47.5	76.7
1	1	1	1.914	258.2	71.6
1	1	1	4.509	354.7	87.6
1	1	1	19.018	291.2	34.8
1	1	1	4.517	350.3	35
1	1	1	7.282	274.7	37.1
1	1	1	6.55	159.2	87.3
1	1	1	3.844	355.9	36.2
1	1	1	4.052	353.8	37.2
1	1	1	7.296	145.4	88.3
1	1	1	3.53	281.4	64.1
1	1	1	4.173	347.9	34.4
1	1	1	6.38	11.5	47.8
1	1	1	2.927	306	32
1	1	1	4.723	34.8	37.2
1	1	1	1.501	97.7	49.9
1	1	1	2.123	12.9	44.7
1	1	1	3.893	9	43
1	1	1	1.386	325.7	26.1
1	1	1	1.694	321	23.2
1	1	1	4.137	259.5	77
1	1	1	2.668	256.7	53
1	1	1	2.116	239.1	40.3
1	1	1	2.412	271	39.6
1	1	1	1.843	305.7	33.4
1	1	1	2.369	237.9	61.2
1	1	1	4.423	240.5	50.5
1	1	1	3.848	228.1	74.7
1	1	1	3.285	237.8	43.2
1	1	1	4.139	26.8	40
1	1	1	2.861	225.2	83.2
1	1	1	2.016	215.3	89.7
1	1	1	4.202	303.3	78
1	1	1	5.009	226.5	69.2
1	1	1	10.504	300.6	25.6
1	1	1	1.422	315	51.8
1	1	1	1.755	79.7	26.4
1	1	1	1.518	28.1	88.7
1	1	1	1.026	250.9	28.6
1	1	1	0.769	231.3	59.4
1	1	1	1.52	264.8	43
1	1	1	2.019	49.2	67.6
1	1	1	4.009	3.5	33
1	1	1	0.557	338.8	33.3
1	1	1	7.186	83.3	43.5
1	1	1	11.213	320.7	78.9
1	1	1	1.245	220.6	42.7
1	1	1	2.396	20.7	50.4
1	1	1	2.993	331.4	6.6
1	1	1	9.188	358.3	87.7
1	1	1	2.421	235.7	42.8
1	1	1	4.503	213.7	39.4
1	1	1	3.808	256.7	86.8
1	1	1	5.137	5.5	46.2
1	1	1	5.468	14	65
1	1	1	5.135	349.4	28.7
1	1	1	12.185	326.9	87.3
1	1	1	4.722	206.9	69.2
1	1	1	3.249	136.3	47.8
1	1	1	3.183	107.9	56.2
1	1	1	12.975	93.3	81.6
1	1	1	3.145	72	83.8
1	1	1	1.439	289.8	46.1
1	1	1	5.467	143.2	60.9
1	1	1	7.165	303.5	34.2
1	1	1	3.855	0.6	19.4
1	1	1	3.901	355.1	34.4
1	1	1	3.368	358.7	62.7
1	1	1	3.937	11.7	62.8
1	1	1	0.727	112.8	54.7
1	1	1	1.033	121.9	80.9
1	1	1	3.234	340.8	57.8
1	1	1	3.925	302.3	62.2
1	1	1	7.708	348.1	67.4
1	1	1	3.239	343.1	47.2
1	1	1	4.518	293.3	41.8
1	1	1	5.064	344.6	58.8
1	1	1	3.919	28.9	52.3
1	1	1	3.893	13.3	56.3
1	1	1	2.011	238.9	37.1
1	1	1	1.325	102.6	82.9
1	1	1	2.878	11.1	58.1
1	1	1	0.622	243.2	75.2
1	1	1	3.112	70.8	71.1
1	1	1	1.218	49.7	74.7
1	1	1	2.618	214.5	77.2
1	1	1	3.316	7.5	55.1
1	1	1	2.249	41.4	61.8
1	1	1	6.235	17.5	48.4
1	1	1	2.92	343.3	65.1
1	1	1	3.768	326.1	42.8
1	1	1	0.943	41	81.7
1	1	1	1.749	32.5	89.1
1	1	1	3.339	71.9	82.7
1	1	1	3.604	76.4	80.2
1	1	1	4.044	90.3	71.6
1	1	1	2.667	171.3	50.7
1	1	1	2.888	43.1	81.6
1	1	1	4.275	22	66.7
1	1	1	8.802	358.9	53.7
1	1	1	3.98	14.9	38.3
1	1	1	2.216	33.1	59.1
1	1	1	1.239	242	75.7
1	1	1	3.682	4.9	65.8
1	1	1	4.685	24.4	54.7
1	1	1	14.423	351.8	73.3
1	1	1	6.375	272.1	85.1
1	1	1	5.499	168	88.6
1	1	1	14.202	353.5	86.4
1	1	1	2.223	57.4	68.7
1	1	1	1.329	159.2	66.4
1	1	1	5.308	333	63.5
1	1	1	2.837	345.3	21.8
1	1	1	2.744	136.9	62.7
1	1	1	1.742	80.6	79.5
1	1	1	2.091	133.1	50.9
1	1	1	3.671	318.5	72.8
1	1	1	2.754	125.3	69.2
1	1	1	1.145	170.9	29.5
1	1	1	5.042	1.4	54.1
1	1	1	4.822	11.2	62.8
1	1	1	2.369	4.8	54
1	1	1	2.222	288.3	84.8
1	1	1	3.586	185.3	60.2
1	1	1	2.499	330.2	67.2
1	1	1	2.724	344.6	68.8
1	1	1	3.456	359.9	72.5
1	1	1	2.51	181.2	76.9
1	1	1	2.783	83.8	71
1	1	1	1.904	217.2	87.2
1	1	1	2.67	261	47.6
1	1	1	4.82	80.2	54.5
1	1	1	3.387	214.3	51.9
1	1	1	1.782	12.5	64.8
1	1	1	3.432	327.5	39.3
1	1	1	11.349	353.8	40.3
1	1	1	2.08	358.6	38
1	1	1	3.494	355	36.1
1	1	1	9.698	350.7	36.7
1	1	1	1.492	14.5	34.8
1	1	1	1.896	130.6	54.7
1	1	1	1.669	126.4	24.4
1	1	1	1.243	283.3	15.8
1	1	1	1.557	174.3	37.2
1	1	1	5.568	35.5	83.8
1	1	1	1.631	32.9	36.2
1	1	1	1.68	73.4	83.6
1	1	1	1.866	35.4	41.2
1	1	1	1.248	24.4	79.4
1	1	1	5.673	280.5	88.6
1	1	1	2.504	318.6	38.1
1	1	1	2.243	336.2	29.8
1	1	1	7.79	12.7	49.2
1	1	1	2.547	5.1	52.3
1	1	1	2.084	254.4	51.2
1	1	1	3.29	339.5	34.3
1	1	1	1.63	39.2	79.2
1	1	1	3.335	326.3	37.3
1	1	1	2.637	326.1	23.2
1	1	1	5.706	347.7	37.9
1	1	1	6.49	251.3	59.1
1	1	1	5.067	348.2	68.6
1	1	1	5.051	342.3	42.9
1	1	1	7.676	337.3	57.8
1	1	1	4.511	15.2	88.6
1	1	1	3.243	148.4	67.3
1	1	1	2.563	359.4	53
1	1	1	2.773	245.5	63.3
1	1	1	2.605	31.3	69.8
1	1	1	1.421	213.4	75.7
1	1	1	4.128	256.8	48.1
1	1	1	4.1	294.4	32.3
1	1	1	4.297	22	21.9
1	1	1	1.901	15.2	77.6
1	1	1	1.824	335.2	31.9
1	1	1	2.629	296.3	23.6
1	1	1	5.925	279.5	5
1	1	1	2.66	259.7	49.2
1	1	1	8.791	28.1	9.7
1	1	1	5.068	354.2	39.9
1	1	1	4.658	162.1	25.5
1	1	1	4.057	24	58.8
1	1	1	5.423	22	55.6
1	1	1	3.68	19.1	40.5
1	1	1	3.032	24.6	66.5
1	1	1	1.522	23.9	64.8
1	1	1	1.64	59.7	89.8
1	1	1	6.222	109	19.6
1	1	1	6.605	335.1	19.3
1	1	1	3.398	354.6	70.5
1	1	1	2.914	349.2	24.4
1	1	1	1.985	235	53.3
1	1	1	3.598	342.7	40.7
1	1	1	2.464	181.5	74.3
1	1	1	2.249	3.5	35.9
1	1	1	12.255	15.3	81.1
1	1	1	11.026	347.8	33.4
1	1	1	5.276	353	35.9
1	1	1	5.882	349.8	34.5
1	1	1	3.008	228.1	54.8
1	1	1	9.101	252.4	42.5
1	1	1	5.062	213.1	88.6
1	1	1	2.157	29.3	88.9
1	1	1	3.886	345	43.6
1	1	1	7.18	343.3	41.5
1	1	1	3.587	22.4	58
1	1	1	3.232	5.3	53.9
1	1	1	3.639	354.7	40.8
1	1	1	2.302	64.4	11.3
1	1	1	2.093	262.4	47.7
1	1	1	0.978	8.5	74.9
1	1	1	3.33	351.4	42.9
1	1	1	3.167	35.7	22.6
1	1	1	3.704	58	43.4
1	1	1	3.069	354.5	53.3
1	1	1	1.925	337	52.4
1	1	1	1.639	324.6	55.5
1	1	1	3.548	335.6	60.5
1	1	1	1.014	348.2	35.6
1	1	1	0.857	32.8	88.8
1	1	1	1.003	285.6	46.3
1	1	1	0.505	6.5	64.6
1	1	1	0.751	172.5	74.3
1	1	1	2.56	303.4	65.6
1	1	1	3.165	350.8	67.3
1	1	1	3.848	348.4	86.7
1	1	1	2.83	16.2	87.4
1	1	1	1.432	12.7	77.3
1	1	1	2.872	313.3	30.6
1	1	1	5.373	336.8	37.9
1	1	1	1.61	337.7	25.3
1	1	1	2.517	208	84.8
1	1	1	2.29	217.1	86.4
1	1	1	5.253	219.8	80
1	1	1	2.029	226	47
1	1	1	2.814	359.9	49.5
1	1	1	6.528	43.1	29.8
1	1	1	4.265	220.9	58.1
1	1	1	9.769	91.5	49
1	1	1	4.338	253.4	43.1
1	1	1	5.401	306.4	61.8
1	1	1	3.769	267	45.5
1	1	1	3.835	312.3	46.6
1	1	1	2.56	19.5	58.7
1	1	1	1.184	202.4	54.4
1	1	1	2.12	48.1	58
1	1	1	2.067	38.1	44.4
1	1	1	1.281	195.4	79.1
1	1	1	2.96	241.7	58.2
1	1	1	3.17	260.3	42.4
1	1	1	5.535	223.8	77.1
1	1	1	2.157	292.6	34.1
1	1	1	5.659	12.1	38
1	1	1	2.71	286.6	29.1
1	1	1	2.307	293	34.6
1	1	1	2.184	358.1	56.3
1	1	1	1.972	72	66.4
1	1	1	0.429	14.6	58.5
1	1	1	2.635	18	36.3
1	1	1	0.866	280.5	64
1	1	1	1.821	45.6	24.3
1	1	1	2.204	355.7	47.1
1	1	1	3.072	20.2	74.8
1	1	1	0.598	213.7	85.9
1	1	1	6.78	322.3	50.3
1	1	1	2.758	175.3	84.6
1	1	1	3.546	105.3	63.9
1	1	1	3.195	279.8	42
1	1	1	1.542	257.8	49.1
1	1	1	1.031	324.1	88.1
1	1	1	1.891	356.8	58.2
1	1	1	1.764	331.9	73
1	1	1	1.191	256.8	44.4
1	1	1	3.809	67.4	30.9
1	1	1	1.253	178.9	65.2
1	1	1	6.318	308.2	24.6
1	1	1	3.913	236	36.5
1	1	1	2.633	330.6	34.9
1	1	1	2.157	2.4	32.3
1	1	1	1.69	213.8	80.6
1	1	1	1.966	39.6	61.3
1	1	1	0.874	44.2	48.6
1	1	1	1.003	15.5	61.8
1	1	1	2.965	293.2	31.6
1	1	1	1.963	71	84.9
1	1	1	3.761	234.6	2.7
1	1	1	4.941	316.1	25.6
1	1	1	2.907	329.9	32.1
1	1	1	2.414	293.3	30
1	1	1	4.823	349.5	27.1
1	1	1	4.962	284	68.2
1	1	1	4.483	204.2	73.4
1	1	1	2.155	190.5	42.9
1	1	1	1.765	213.1	84.6
1	1	1	6.055	12.1	32
1	1	1	3.004	13.4	64.9
1	1	1	2.119	85.4	49.5
1	1	1	3.837	202.4	85
1	1	1	2.064	28.7	15.5
1	1	1	2.903	4.4	39
1	1	1	3.871	42.8	33.9
1	1	1	1.137	44.5	39
1	1	1	1.508	5.9	34.1
1	1	1	5.3	291.5	36.7
1	1	1	2.074	235.8	56.5
1	1	1	3.208	46.4	33.4
1	1	1	3.607	358.3	45.3
1	1	1	4.419	339.6	72
1	1	1	5.078	336.1	15.7
1	1	1	22.948	327.3	35.7
1	1	1	3.435	216.6	72.8
1	1	1	10.153	23	15.4
1	1	1	7.672	94	14.8
1	1	1	5.491	35.4	29.2
1	1	1	4.968	213.5	25.1
1	1	1	3.786	158.2	61.7
1	1	1	2.503	44.4	76
1	1	1	3.651	16.2	47.1
1	1	1	5.189	344.5	49.8
1	1	1	9.988	145	30.1
1	1	1	2.789	225.5	81.7
1	1	1	2.841	264.9	43.5
1	1	1	9.486	79.7	57.7
1	1	1	3.077	319.3	52.6
1	1	1	2.434	43.1	22.1
1	1	1	1.717	208.1	72.4
1	1	1	2.011	230.1	77.6
1	1	1	1.494	53.9	50.2
1	1	1	2.138	34.1	29.9
1	1	1	2.288	2.3	27.4
1	1	1	2.316	16.5	45.6
1	1	1	1.042	42.1	73.5
1	1	1	3.269	346.9	34.4
1	1	1	6.351	1.3	29.9
1	1	1	8.033	282.7	57.8
1	1	1	2.16	320.2	52.3
1	1	1	2.902	171.3	25
1	1	1	1.971	175	23
1	1	1	6.408	0.7	37.8
1	1	1	6.631	127.4	43
1	1	1	3.123	194.5	89
1	1	1	3.659	262.8	57.3
1	1	1	1.575	258.4	49.9
1	1	1	5.77	129.8	48.9
1	1	1	6.695	148.8	61.8
1	1	1	16.198	331.6	34.9
1	1	1	3.639	334.3	56.4
1	1	1	1.848	315.6	41
1	1	1	8.047	53.6	52
1	1	1	2.967	7.1	63.3
1	1	1	1.281	345.9	42.8
1	1	1	2.6	326.6	15.6
1	1	1	2.974	53.7	69.7
1	1	1	4.237	5.8	37.2
1	1	1	3.277	1.1	55.1
1	1	1	1.448	105.5	47.4
1	1	1	1.244	269.6	50.5
1	1	1	3.868	355	47
1	1	1	12.52	10.3	41.1
1	1	1	2.837	299.4	74.9
1	1	1	4.095	9.1	38.6
1	1	1	4.077	74.5	53.5
1	1	1	3.12	16.9	66.3
1	1	1	8.531	281.4	19.7
1	1	1	7.54	338.7	32
1	1	1	6.993	16.3	43.6
1	1	1	5.669	353.9	47.7
1	1	1	2.214	334.6	34.5
1	1	1	11.951	300.2	31.1
1	1	1	5.822	0.4	44.3
1	1	1	5.013	347.7	25.2
1	1	1	4.497	4.2	37.6
1	1	1	5.654	286.4	33.2
1	1	1	4.843	33.4	67.5
1	1	1	4.824	235.5	49.2
1	1	1	10.434	312.4	72.3
1	1	1	8.084	254.3	75.5
1	1	1	7.858	142	56.7
1	1	1	2.334	0.2	33
1	1	1	2.098	6.8	40.6
1	1	1	2.779	12.3	38.9
1	1	1	3.128	18	31.4
1	1	1	1.529	350.6	24.9
1	1	1	2.655	328	46.9
1	1	1	5.331	19.7	39.4
1	1	1	3.098	285.5	44
1	1	1	3.071	13.7	47
1	1	1	1.137	335.9	47
1	1	1	0.853	25.5	30.5
1	1	1	1.75	242.8	79.8
1	1	1	2.036	22	79
1	1	1	1.408	63.9	41
1	1	1	2.342	342.6	61.4
1	1	1	4.404	346.7	53.4
1	1	1	4.516	40.8	58.7
1	1	1	6.362	40.5	54.5
1	1	1	1.98	345.6	32.9
1	1	1	3.048	17.7	50.7
1	1	1	0.649	359.2	20.3
1	1	1	2.157	307.7	29.6
1	1	1	5.371	359.2	42.6
1	1	1	6.332	16.3	45.1
1	1	1	1.467	92.2	68.1
1	1	1	1.996	256.9	55.5
1	1	1	2.546	46.6	82.6
1	1	1	0.959	35.9	54.4
1	1	1	1.429	25.1	63.8
1	1	1	0.553	356.5	63.9
1	1	1	2.904	12.2	54
1	1	1	1.153	201.1	86.7
1	1	1	2.603	353.2	76.4
1	1	1	1.596	195.4	70.7
1	1	1	2.061	21.5	69.7
1	1	1	1.178	25.5	47.9
1	1	1	1.682	7	63.9
1	1	1	1.314	356.6	68.7
1	1	1	3.292	270	43.5
1	1	1	6.532	271.2	38.3
1	1	1	4.223	25.8	21.8
1	1	1	7.153	31.9	73
1	1	1	4.729	29.2	82.1
1	1	1	3.876	36.6	75.4
1	1	1	8.356	289.7	5.6
1	1	1	4.171	350.5	34.1
1	1	1	3.168	16.6	49.7
1	1	1	2.757	149.8	41.9
1	1	1	1.537	7.4	38.3
1	1	1	2.838	12.6	25.3
1	1	1	2.478	36.9	44.8
1	1	1	6.105	320.8	26.2
1	1	1	1.351	60.6	86
1	1	1	2.332	38.4	55.4
1	1	1	1.894	54.1	79.3
1	1	1	2.752	79.5	30.4
1	1	1	2.763	140.5	73.5
1	1	1	3.172	112.4	71.1
1	1	1	2.207	48.3	82
1	1	1	2.208	25.2	69.4
1	1	1	2.463	142	76.9
1	1	1	1.913	113.8	47.7
1	1	1	1.301	279	32.8
1	1	1	1.336	247.4	56.7
1	1	1	1.154	27.6	75.1
1	1	1	3.163	122.3	66.2
1	1	1	0.614	265.3	67.3
1	1	1	2.695	118.5	81
1	1	1	1.43	241.2	54.6
1	1	1	2.446	262.6	35.7
1	1	1	1.965	286.9	22.6
1	1	1	6.324	347.1	48.7
1	1	1	4.983	167.5	83.5
1	1	1	3.268	4.1	70.1
1	1	1	5.548	349.4	43.9
1	1	1	4.782	332.8	27.8
1	1	1	7.811	45.1	81.4
1	1	1	8.473	36.5	80.7
1	1	1	7.094	50.1	86.5
1	1	1	8.28	53.2	74.2
1	1	1	5.723	284.6	49
1	1	1	3.01	176	15.4
1	1	1	1.761	267.3	39.6
1	1	1	5.034	20.4	54.2
1	1	1	3.329	286.5	23.5
1	1	1	3.333	160	80.5
1	1	1	3.557	233.5	85.5
1	1	1	6.712	6.1	44.7
1	1	1	4.139	346.9	54.6
1	1	1	2.344	346.7	50.6
1	1	1	3.582	53.9	25.8
1	1	1	2.647	37.7	67.1
1	1	1	13.958	126.6	83.3
1	1	1	2.822	119.8	43
1	1	1	4.134	181.8	83.3
1	1	1	2.823	36.3	77.1
1	1	1	3.407	123.8	51.6
1	1	1	1.847	217.3	59
1	1	1	0.923	113	34.3
1	1	1	4.972	20.6	44.8
1	1	1	3.093	235.7	70.3
1	1	1	4.947	43.6	35.2
1	1	1	1.978	116.7	89
1	1	1	3.654	42.7	53
1	1	1	5.432	331.7	5.6
1	1	1	3.026	255.7	51.3
1	1	1	3.08	274.5	84.9
1	1	1	1.798	205.4	23.6
1	1	1	0.622	84.8	72.3
1	1	1	1.73	49.1	34.4
1	1	1	1.815	71.6	52.9
1	1	1	1.955	4.9	40
1	1	1	0.756	6.4	21.4
1	1	1	1.76	21.7	15.2
1	1	1	0.555	43.1	25
1	1	1	0.764	38.6	42.4
1	1	1	0.726	15.6	86
1	1	1	6.028	94.8	47.9
1	1	1	2.924	183.4	60.9
1	1	1	1.659	291.6	50.7
1	1	1	8.952	135	42.6
1	1	1	5.764	150.7	32.7
1	1	1	4.302	283.1	39.4
1	1	1	0.898	327.5	28.3
1	1	1	1.547	264.4	18.4
1	1	1	1.609	241.3	19.3
1	1	1	1.929	34.1	69.1
1	1	1	2.203	359	45.6
1	1	1	2.925	321.6	40.7
1	1	1	1.689	341	47.1
1	1	1	1.237	335.4	70.8
1	1	1	2.132	338.8	30.2
1	1	1	0.853	279.4	30.9
1	1	1	0.655	281.1	43.5
1	1	1	1.183	250.1	71.7
1	1	1	2.866	229.8	48.4
1	1	1	3.935	120.5	38.4
1	1	1	3.447	358.4	60.3
1	1	1	3.267	191.3	80.2
1	1	1	3.867	314.2	84.3
1	1	1	1.81	322.7	59
1	1	1	1.492	218.8	41.3
1	1	1	4.151	280.8	22.6
1	1	1	3.701	320.4	37.2
1	1	1	3.416	72	79.1
1	1	1	1.952	155.6	61.6
1	1	1	3.946	250.3	49.2
1	1	1	4.693	75.4	32.8
1	1	1	6.968	324.6	80.6
1	1	1	4.787	74	23
1	1	1	2.074	13.7	34.6
1	1	1	4.216	10.5	55.9
1	1	1	6.219	75.1	83.8
1	1	1	4.096	154.8	61.8
1	1	1	2.064	13.4	22.8
1	1	1	2.734	28.9	34
1	1	1	1.334	38.7	16.5
1	1	1	2.881	33	14.1
1	1	1	1.756	22.6	80.8
1	1	1	2.372	137	68.9
1	1	1	5.151	123	70.9
1	1	1	1.76	15	48.9
1	1	1	1.96	303.5	50.1
1	1	1	9.964	16.9	32.6
1	1	1	6.996	23.2	63
1	1	1	3.921	355.5	41.8
1	1	1	1.699	273.2	81.1
1	1	1	6.462	332.3	23.3
1	1	1	1.899	6.7	29.6
1	1	1	0.814	271.8	4.7
1	1	1	2.887	358.7	48.7
1	1	1	4.595	6.4	50.9
1	1	1	3.862	242.2	43.2
1	1	1	3.152	333.1	5.7
1	1	1	2.512	49	75.8
1	1	1	3.476	280.5	60.3
1	1	1	2.103	205.2	50.2
1	1	1	1.997	89.4	87.1
1	1	1	2.745	27.2	68.7
1	1	1	15.167	333.5	83.9
1	1	1	1.567	10.2	37.3
1	1	1	1.247	334.6	25.9
1	1	1	1.992	34.6	64.8
1	1	1	1.208	24.1	84.8
1	1	1	1.541	49.5	89.5
1	1	1	1.781	236.3	89.9
1	1	1	1.278	212.9	81.2
1	1	1	1.002	8.2	33.3
1	1	1	2.476	10.5	17.2
1	1	1	2.081	11.6	44.4
1	1	1	0.773	106.8	28.9
1	1	1	3.132	12.1	51.7
1	1	1	1.785	38.9	87.8
1	1	1	3.606	36.1	76.6
1	1	1	2.985	30.2	66.6
1	1	1	2.762	359.4	34.3
1	1	1	2.061	341.3	42.3
1	1	1	2.331	143.3	36.7
1	1	1	4.789	339.5	80.5
1	1	1	2.69	57.7	45.6
1	1	1	1.467	58.5	27.4
1	1	1	2.163	292.4	29.6
1	1	1	0.962	358.3	50
1	1	1	2.646	18.8	56.5
1	1	1	0.577	339.1	38.7
1	1	1	0.929	7.4	56.9
1	1	1	1.488	2.8	36.4
1	1	1	1.566	307.8	28.3
1	1	1	1.293	205.1	43.2
1	1	1	1.179	190.4	47.3
1	1	1	1.194	352.8	37.8
1	1	1	2.665	274.3	55.1
1	1	1	2.944	22	51.3
1	1	1	4.407	336.7	36
1	1	1	3.054	358.1	39.6
1	1	1	2.791	19.2	25.6
1	1	1	6.651	34.8	72.1
1	1	1	2.323	19	53.3
1	1	1	1.6	15.3	41.6
1	1	1	5.108	16.8	42.5
1	1	1	2.066	1.1	53
1	1	1	8.411	306.4	74.7
1	1	1	2.696	54.7	62.7
1	1	1	1.611	271	70.6
1	1	1	7.058	12.4	89.7
1	1	1	3.889	17.2	69.7
1	1	1	3.111	155.7	71.4
1	1	1	6.465	62.1	35.6
1	1	1	2.18	323.6	34.2
1	1	1	3.463	311.3	52
1	1	1	1.686	294	40
1	1	1	1.357	337.1	39.2
1	1	1	0.957	9.7	62.8
1	1	1	0.798	230.1	71.1
1	1	1	2.517	223.1	83.9
1	1	1	3.229	320.1	27.4
1	1	1	5.467	234.3	52.9
1	1	1	4.689	4.4	20.8
1	1	1	3.539	170.2	88.3
1	1	1	2.932	146.9	26.4
1	1	1	4.527	7.4	51
1	1	1	1.193	1.3	52.3
1	1	1	2.189	20.2	43
1	1	1	2.728	71.2	53.7
1	1	1	1.786	37.7	73.2
1	1	1	0.758	11.3	58.3
1	1	1	0.525	33.1	38.8
1	1	1	1.201	330.4	32
1	1	1	3.584	268.6	7.8
1	1	1	1.988	19.7	14.3
1	1	1	1.138	36.1	27.8
1	1	1	4.046	71.1	50.8
1	1	1	2.283	89.7	53.8
1	1	1	4.144	26.5	49.2
1	1	1	3.445	27.4	50
1	1	1	2.36	353.9	66.9
1	1	1	2.495	336.4	69.4
1	1	1	6.502	115.4	23.9
1	1	1	4.34	36.4	75.3
1	1	1	5.24	131.1	88.3
1	1	1	0.99	248	48.9
1	1	1	3.939	22.1	77
1	1	1	0.765	86.3	34.6
1	1	1	1.425	111.2	42.4
1	1	1	2.848	184	24.4
1	1	1	3.67	31.2	19.8
1	1	1	1.582	64.4	58.2
1	1	1	2.127	61.4	41.1
1	1	1	2.096	70.9	71.6
1	1	1	1.685	253.8	84.2
1	1	1	3.827	24.6	89.1
1	1	1	1.127	78	5.7
1	1	1	3.092	9.1	29.2
1	1	1	2.188	201.9	82.1
1	1	1	1.25	351	27
1	1	1	1.423	325.2	21.1
1	1	1	1.935	340.8	50.8
1	1	1	2.927	341.3	32.1
1	1	1	0.656	0.1	72.3
1	1	1	1.337	18.1	59.2
1	1	1	1.685	22.5	55.9
1	1	1	2.696	12.1	60.4
1	1	1	2.411	249.7	61.4
1	1	1	1.222	33.8	73.3
1	1	1	0.992	4.6	27.2
1	1	1	0.96	358.8	55.1
1	1	1	2.565	358.6	54
1	1	1	1.41	8.2	19.8
1	1	1	4.172	35.7	26
1	1	1	1.049	344.4	59
1	1	1	0.958	6	73.4
1	1	1	1.73	346.3	73.7
1	1	1	1.923	359.2	59.9
1	1	1	2.227	32.4	50.2
1	1	1	1.399	0.4	37.6
1	1	1	0.822	11.9	73.8
1	1	1	0.723	345.8	84.2
1	1	1	1.354	53.1	57.5
1	1	1	0.81	197	47.6
1	1	1	1.698	79.5	10.3
1	1	1	0.749	331.1	56.9
1	1	1	1.386	306.9	38.9
1	1	1	1.672	351.5	82.1
1	1	1	1.802	333.6	69.1
1	1	1	1.569	152.9	63.2
1	1	1	2.11	337.1	76.4
1	1	1	2.26	253.7	57.2
1	1	1	0.947	11.9	27.1
1	1	1	0.697	21.9	33.8
1	1	1	0.723	219.8	62
1	1	1	0.46	12.3	47.6
1	1	1	0.576	34.5	65.1
1	1	1	0.982	19.9	51.9
1	1	1	1.996	22.2	61.9
1	1	1	2.652	11	25.8
1	1	1	1.594	18.4	46.4
1	1	1	3.521	14.8	50.3
1	1	1	1.481	281.4	51.9
1	1	1	2.362	0.6	42.1
1	1	1	1.309	22.6	86.6
1	1	1	1.027	276.4	34.5
1	1	1	2.174	258.3	43
1	1	1	1.198	47.5	24.3
1	1	1	0.898	23.2	42
1	1	1	0.886	21.6	19
1	1	1	1.04	214.9	76.5
1	1	1	2.241	1.1	58.7
1	1	1	1.35	238.8	3.8
1	1	1	1.099	199.1	30.6
1	1	1	1.085	17.3	62.1
1	1	1	2.309	356.4	58
1	1	1	2.728	4.2	78.9
1	1	1	1.79	18.6	77.8
1	1	1	3.626	341.1	54.7
1	1	1	0.696	227.2	80
1	1	1	0.551	2.2	86.2
1	1	1	0.691	214.6	38.4
1	1	1	1.503	5.3	85.9
1	1	1	1.841	351.3	36.4
1	1	1	3.134	358.1	59.4
1	1	1	1.222	305.6	66.6
1	1	1	1.971	6.4	54.8
1	1	1	1.44	176.8	76.7
1	1	1	2.023	324.6	43.1
1	1	1	3.401	12.6	68.9
1	1	1	3.032	83.7	51.4
1	1	1	1.686	57.6	76.2
1	1	1	0.547	16.4	39.1
1	1	1	1.931	18.2	88
1	1	1	1.594	106.9	13.1
1	1	1	1.609	357.7	63.4
1	1	1	1.472	217.9	83.3
1	1	1	1.923	334.9	38.3
1	1	1	5.492	199	62.4
1	1	1	2.476	59.2	65.1
1	1	1	1.972	19.4	32.7
1	1	1	3.429	144.5	33.8
1	1	1	2.331	89.4	52.7
1	1	1	2.347	56.8	82
1	1	1	1.673	49.2	40.8
1	1	1	2.979	72.6	53
1	1	1	1.418	201.7	66.8
1	1	1	1.092	33.8	51.5